index,Customer ID,Recency,Frequency,Monetary,Cluster,Segment
0,12346.0,326,12,77556.46,1,Prometteurs 🌱
1,12347.0,2,8,4921.53,4,À Risque ⚠️
2,12348.0,75,5,2019.4,4,À Risque ⚠️
3,12349.0,19,4,4428.69,4,À Risque ⚠️
4,12350.0,310,1,334.4,0,Perdus 💤
5,12351.0,375,1,300.93,0,Perdus 💤
6,12352.0,36,10,2849.84,4,À Risque ⚠️
7,12353.0,204,2,406.76,4,À Risque ⚠️
8,12354.0,232,1,1079.4,4,À Risque ⚠️
9,12355.0,214,2,947.61,4,À Risque ⚠️
10,12356.0,23,6,6371.73,4,À Risque ⚠️
11,12357.0,33,3,18287.66,4,À Risque ⚠️
12,12358.0,2,5,3887.07,4,À Risque ⚠️
13,12359.0,58,10,8873.39,4,À Risque ⚠️
14,12360.0,52,8,4252.89,4,À Risque ⚠️
15,12361.0,287,4,511.25,0,Perdus 💤
16,12362.0,3,11,5356.23,4,À Risque ⚠️
17,12363.0,110,2,552.0,4,À Risque ⚠️
18,12364.0,8,4,1313.1,4,À Risque ⚠️
19,12365.0,291,2,641.38,0,Perdus 💤
20,12366.0,634,1,500.24,0,Perdus 💤
21,12367.0,4,1,168.9,4,À Risque ⚠️
22,12368.0,628,1,917.6999999999999,0,Perdus 💤
23,12369.0,413,3,1791.15,0,Perdus 💤
24,12370.0,51,7,4316.56,4,À Risque ⚠️
25,12371.0,45,5,4067.38,4,À Risque ⚠️
26,12372.0,72,3,1298.04,4,À Risque ⚠️
27,12373.0,311,3,1127.65,0,Perdus 💤
28,12374.0,25,4,2989.2200000000003,4,À Risque ⚠️
29,12375.0,11,2,457.5,4,À Risque ⚠️
30,12376.0,390,2,503.15,0,Perdus 💤
31,12377.0,315,4,3426.32,0,Perdus 💤
32,12378.0,130,2,5416.32,4,À Risque ⚠️
33,12379.0,82,4,1620.22,4,À Risque ⚠️
34,12380.0,22,11,9676.300000000001,4,À Risque ⚠️
35,12381.0,5,5,1845.31,4,À Risque ⚠️
36,12383.0,185,5,1850.56,4,À Risque ⚠️
37,12384.0,29,2,585.27,4,À Risque ⚠️
38,12385.0,379,1,1938.4,0,Perdus 💤
39,12386.0,338,2,401.9,0,Perdus 💤
40,12387.0,415,1,143.94,0,Perdus 💤
41,12388.0,16,8,3901.11,4,À Risque ⚠️
42,12389.0,403,3,1433.33,0,Perdus 💤
43,12390.0,80,1,549.84,4,À Risque ⚠️
44,12391.0,22,6,2724.84,4,À Risque ⚠️
45,12392.0,591,1,234.75000000000003,0,Perdus 💤
46,12393.0,72,6,2399.4500000000003,4,À Risque ⚠️
47,12394.0,64,2,1272.48,4,À Risque ⚠️
48,12395.0,19,15,4721.17,4,À Risque ⚠️
49,12396.0,674,1,931.43,0,Perdus 💤
50,12397.0,36,2,2409.9,4,À Risque ⚠️
51,12398.0,46,1,1635.6599999999999,4,À Risque ⚠️
52,12399.0,119,7,1962.3,4,À Risque ⚠️
53,12400.0,414,1,205.25,0,Perdus 💤
54,12401.0,303,1,84.3,0,Perdus 💤
55,12402.0,323,6,1256.9,0,Perdus 💤
56,12403.0,50,2,1019.36,4,À Risque ⚠️
57,12404.0,682,1,63.24,0,Perdus 💤
58,12405.0,149,1,1710.39,4,À Risque ⚠️
59,12406.0,22,5,6390.36,4,À Risque ⚠️
60,12407.0,50,5,1708.1200000000001,4,À Risque ⚠️
61,12408.0,33,8,4340.7699999999995,4,À Risque ⚠️
62,12409.0,79,7,23419.29,4,À Risque ⚠️
63,12410.0,309,3,1013.71,0,Perdus 💤
64,12411.0,410,1,346.9,0,Perdus 💤
65,12412.0,75,6,2596.93,4,À Risque ⚠️
66,12413.0,67,4,999.45,4,À Risque ⚠️
67,12414.0,217,6,952.41,4,À Risque ⚠️
68,12415.0,24,28,144458.37,2,Loyal Customers 🥈
69,12416.0,657,1,202.56,0,Perdus 💤
70,12417.0,3,20,6797.41,1,Prometteurs 🌱
71,12418.0,113,4,2021.2,4,À Risque ⚠️
72,12419.0,386,2,503.01,0,Perdus 💤
73,12420.0,64,1,600.39,4,À Risque ⚠️
74,12421.0,16,6,1098.6,4,À Risque ⚠️
75,12422.0,96,17,5231.8,4,À Risque ⚠️
76,12423.0,1,10,2622.39,4,À Risque ⚠️
77,12424.0,163,4,3340.03,4,À Risque ⚠️
78,12425.0,78,2,1741.41,4,À Risque ⚠️
79,12426.0,195,2,1345.21,4,À Risque ⚠️
80,12427.0,22,3,825.8,4,À Risque ⚠️
81,12428.0,26,9,7956.46,4,À Risque ⚠️
82,12429.0,9,8,6204.41,4,À Risque ⚠️
83,12430.0,43,1,256.4,4,À Risque ⚠️
84,12431.0,36,27,10432.22,1,Prometteurs 🌱
85,12432.0,43,5,5059.32,4,À Risque ⚠️
86,12433.0,1,10,16794.14,4,À Risque ⚠️
87,12434.0,85,3,1103.43,4,À Risque ⚠️
88,12435.0,80,6,13925.93,4,À Risque ⚠️
89,12436.0,100,1,509.01,4,À Risque ⚠️
90,12437.0,2,39,12683.4,1,Prometteurs 🌱
91,12438.0,14,2,2906.85,4,À Risque ⚠️
92,12439.0,683,2,1142.88,0,Perdus 💤
93,12440.0,462,2,859.2,0,Perdus 💤
94,12441.0,367,1,173.55,0,Perdus 💤
95,12442.0,3,1,172.06,4,À Risque ⚠️
96,12443.0,732,1,485.31,0,Perdus 💤
97,12444.0,21,5,5005.46,4,À Risque ⚠️
98,12445.0,22,2,434.98,4,À Risque ⚠️
99,12446.0,58,1,1002.3100000000001,4,À Risque ⚠️
100,12447.0,243,1,476.49,4,À Risque ⚠️
101,12448.0,44,1,449.45,4,À Risque ⚠️
102,12449.0,22,6,4835.89,4,À Risque ⚠️
103,12450.0,156,5,688.2,4,À Risque ⚠️
104,12451.0,11,8,12669.88,4,À Risque ⚠️
105,12452.0,17,2,430.57,4,À Risque ⚠️
106,12453.0,134,1,707.09,4,À Risque ⚠️
107,12454.0,56,5,16679.78,4,À Risque ⚠️
108,12455.0,73,10,5879.95,4,À Risque ⚠️
109,12456.0,44,3,3181.04,4,À Risque ⚠️
110,12457.0,66,8,2995.91,4,À Risque ⚠️
111,12458.0,71,4,1777.49,4,À Risque ⚠️
112,12459.0,605,1,454.36,0,Perdus 💤
113,12460.0,456,1,326.65,0,Perdus 💤
114,12461.0,94,2,826.88,4,À Risque ⚠️
115,12462.0,19,2,1189.59,4,À Risque ⚠️
116,12463.0,53,4,1344.78,4,À Risque ⚠️
117,12464.0,10,8,1212.05,4,À Risque ⚠️
118,12465.0,17,2,742.1899999999999,4,À Risque ⚠️
119,12466.0,682,1,56.73,0,Perdus 💤
120,12467.0,423,1,132.8,0,Perdus 💤
121,12468.0,188,5,3670.74,4,À Risque ⚠️
122,12469.0,523,2,3070.54,0,Perdus 💤
123,12470.0,690,1,211.95,0,Perdus 💤
124,12471.0,2,79,39918.19,1,Prometteurs 🌱
125,12472.0,32,19,16249.289999999999,1,Prometteurs 🌱
126,12473.0,29,5,3928.0499999999997,4,À Risque ⚠️
127,12474.0,17,31,12372.75,1,Prometteurs 🌱
128,12475.0,54,2,1149.64,4,À Risque ⚠️
129,12476.0,16,23,14083.91,1,Prometteurs 🌱
130,12477.0,23,9,20276.37,4,À Risque ⚠️
131,12478.0,4,1,680.99,4,À Risque ⚠️
132,12479.0,11,1,527.2,4,À Risque ⚠️
133,12480.0,28,7,5464.85,4,À Risque ⚠️
134,12481.0,23,15,12185.51,1,Prometteurs 🌱
135,12482.0,576,29,23691.4,0,Perdus 💤
136,12483.0,17,19,5097.18,1,Prometteurs 🌱
137,12484.0,33,12,6354.1,4,À Risque ⚠️
138,12485.0,529,1,708.1,0,Perdus 💤
139,12486.0,432,1,1037.28,0,Perdus 💤
140,12487.0,731,1,285.29999999999995,0,Perdus 💤
141,12488.0,10,3,1298.66,4,À Risque ⚠️
142,12489.0,336,1,334.93,0,Perdus 💤
143,12490.0,5,21,9823.64,1,Prometteurs 🌱
144,12491.0,39,1,460.40000000000003,4,À Risque ⚠️
145,12492.0,63,3,715.21,4,À Risque ⚠️
146,12493.0,166,2,433.74,4,À Risque ⚠️
147,12494.0,16,9,1815.27,4,À Risque ⚠️
148,12495.0,641,1,357.4,0,Perdus 💤
149,12496.0,620,2,45.34,0,Perdus 💤
150,12497.0,82,3,6248.5,4,À Risque ⚠️
151,12498.0,21,3,403.70000000000005,4,À Risque ⚠️
152,12499.0,560,1,393.72,0,Perdus 💤
153,12500.0,23,19,5955.21,1,Prometteurs 🌱
154,12501.0,337,1,2169.39,0,Perdus 💤
155,12502.0,96,5,3723.87,4,À Risque ⚠️
156,12503.0,584,1,1126.0,0,Perdus 💤
157,12504.0,18,4,779.05,4,À Risque ⚠️
158,12505.0,409,1,955.2,0,Perdus 💤
159,12506.0,233,1,73.5,4,À Risque ⚠️
160,12507.0,134,4,1844.06,4,À Risque ⚠️
161,12508.0,26,2,397.88,4,À Risque ⚠️
162,12509.0,284,1,176.5,0,Perdus 💤
163,12510.0,143,9,5178.02,4,À Risque ⚠️
164,12511.0,429,1,3084.02,0,Perdus 💤
165,12512.0,66,2,132.18,4,À Risque ⚠️
166,12513.0,113,1,612.29,4,À Risque ⚠️
167,12514.0,267,2,1597.76,4,À Risque ⚠️
168,12515.0,353,1,383.7,0,Perdus 💤
169,12516.0,78,4,2648.62,4,À Risque ⚠️
170,12517.0,28,5,2481.6,4,À Risque ⚠️
171,12518.0,1,5,2056.89,4,À Risque ⚠️
172,12519.0,64,2,716.54,4,À Risque ⚠️
173,12520.0,79,5,2634.26,4,À Risque ⚠️
174,12521.0,143,1,599.68,4,À Risque ⚠️
175,12522.0,39,2,192.72,4,À Risque ⚠️
176,12523.0,19,23,4352.35,1,Prometteurs 🌱
177,12524.0,9,17,11126.11,1,Prometteurs 🌱
178,12525.0,498,3,973.73,0,Perdus 💤
179,12526.0,1,3,1316.66,4,À Risque ⚠️
180,12527.0,82,5,735.51,4,À Risque ⚠️
181,12528.0,9,6,1933.48,4,À Risque ⚠️
182,12529.0,528,1,316.48,0,Perdus 💤
183,12530.0,60,9,3759.26,4,À Risque ⚠️
184,12531.0,15,2,1933.2,4,À Risque ⚠️
185,12532.0,30,1,349.83000000000004,4,À Risque ⚠️
186,12533.0,628,2,1367.89,0,Perdus 💤
187,12534.0,131,1,1089.18,4,À Risque ⚠️
188,12535.0,92,2,716.35,4,À Risque ⚠️
189,12536.0,43,3,12601.830000000002,4,À Risque ⚠️
190,12537.0,409,1,732.94,0,Perdus 💤
191,12538.0,29,2,640.45,4,À Risque ⚠️
192,12539.0,22,7,11214.75,4,À Risque ⚠️
193,12540.0,20,33,22254.49,1,Prometteurs 🌱
194,12541.0,30,3,981.18,4,À Risque ⚠️
195,12542.0,484,2,481.88,0,Perdus 💤
196,12543.0,448,1,980.25,0,Perdus 💤
197,12544.0,36,1,372.7,4,À Risque ⚠️
198,12545.0,75,2,1000.39,4,À Risque ⚠️
199,12546.0,47,2,1161.5,4,À Risque ⚠️
200,12547.0,198,3,383.58,4,À Risque ⚠️
201,12548.0,166,1,95.19999999999999,4,À Risque ⚠️
202,12549.0,576,6,1575.68,0,Perdus 💤
203,12550.0,79,1,964.83,4,À Risque ⚠️
204,12551.0,358,1,168.0,0,Perdus 💤
205,12552.0,39,2,437.82,4,À Risque ⚠️
206,12553.0,8,12,4608.75,4,À Risque ⚠️
207,12554.0,449,1,468.5,0,Perdus 💤
208,12555.0,682,1,129.23,0,Perdus 💤
209,12556.0,50,2,599.56,4,À Risque ⚠️
210,12557.0,16,8,18096.14,4,À Risque ⚠️
211,12558.0,8,1,269.96,4,À Risque ⚠️
212,12559.0,311,2,561.71,0,Perdus 💤
213,12560.0,5,3,2134.01,4,À Risque ⚠️
214,12561.0,303,1,238.85,0,Perdus 💤
215,12562.0,8,9,4966.92,4,À Risque ⚠️
216,12563.0,409,1,249.24,0,Perdus 💤
217,12564.0,261,1,456.9,4,À Risque ⚠️
218,12565.0,289,1,145.92,0,Perdus 💤
219,12566.0,86,1,351.65,4,À Risque ⚠️
220,12567.0,23,15,11767.48,1,Prometteurs 🌱
221,12568.0,645,1,70.0,0,Perdus 💤
222,12569.0,2,32,4124.69,1,Prometteurs 🌱
223,12570.0,682,1,77.52,0,Perdus 💤
224,12571.0,40,2,519.61,4,À Risque ⚠️
225,12572.0,9,2,1020.42,4,À Risque ⚠️
226,12573.0,227,5,717.41,4,À Risque ⚠️
227,12574.0,316,1,218.45,0,Perdus 💤
228,12575.0,457,2,622.8199999999999,0,Perdus 💤
229,12576.0,36,8,2142.72,4,À Risque ⚠️
230,12577.0,35,8,1617.1,4,À Risque ⚠️
231,12578.0,21,4,4642.45,4,À Risque ⚠️
232,12579.0,78,1,440.42,4,À Risque ⚠️
233,12580.0,247,2,1052.9,4,À Risque ⚠️
234,12581.0,40,1,197.71,4,À Risque ⚠️
235,12582.0,239,4,1980.4,4,À Risque ⚠️
236,12583.0,3,27,13591.58,1,Prometteurs 🌱
237,12584.0,4,9,2338.15,4,À Risque ⚠️
238,12585.0,234,2,2040.1,4,À Risque ⚠️
239,12586.0,17,4,2062.67,4,À Risque ⚠️
240,12587.0,8,1,144.0,4,À Risque ⚠️
241,12588.0,39,4,958.78,4,À Risque ⚠️
242,12589.0,29,8,4695.66,4,À Risque ⚠️
243,12590.0,211,2,9864.26,4,À Risque ⚠️
244,12591.0,317,3,1338.95,0,Perdus 💤
245,12592.0,92,5,2582.66,4,À Risque ⚠️
246,12593.0,109,3,418.09999999999997,4,À Risque ⚠️
247,12594.0,38,15,5090.110000000001,4,À Risque ⚠️
248,12595.0,505,1,299.02,0,Perdus 💤
249,12596.0,51,2,618.27,4,À Risque ⚠️
250,12597.0,19,4,3811.22,4,À Risque ⚠️
251,12598.0,10,11,4534.09,4,À Risque ⚠️
252,12599.0,29,13,2296.72,4,À Risque ⚠️
253,12600.0,29,21,4967.42,1,Prometteurs 🌱
254,12601.0,190,6,681.26,4,À Risque ⚠️
255,12602.0,59,1,153.12,4,À Risque ⚠️
256,12603.0,22,1,739.1999999999999,4,À Risque ⚠️
257,12604.0,79,2,254.18,4,À Risque ⚠️
258,12605.0,376,4,1232.95,0,Perdus 💤
259,12606.0,682,1,21.0,0,Perdus 💤
260,12607.0,60,1,1579.51,4,À Risque ⚠️
261,12608.0,405,1,415.79,0,Perdus 💤
262,12609.0,78,9,3435.86,4,À Risque ⚠️
263,12610.0,23,5,2099.54,4,À Risque ⚠️
264,12611.0,52,1,1193.32,4,À Risque ⚠️
265,12612.0,74,1,704.0400000000001,4,À Risque ⚠️
266,12613.0,57,10,6817.37,4,À Risque ⚠️
267,12614.0,278,1,315.6,0,Perdus 💤
268,12615.0,2,8,5740.98,4,À Risque ⚠️
269,12616.0,95,3,1131.1,4,À Risque ⚠️
270,12617.0,29,1,352.98,4,À Risque ⚠️
271,12618.0,22,1,177.31,4,À Risque ⚠️
272,12619.0,16,10,3781.38,4,À Risque ⚠️
273,12620.0,15,3,1339.41,4,À Risque ⚠️
274,12621.0,2,35,24311.2,1,Prometteurs 🌱
275,12622.0,232,1,180.1,4,À Risque ⚠️
276,12623.0,276,7,3747.84,4,À Risque ⚠️
277,12624.0,106,2,641.13,4,À Risque ⚠️
278,12625.0,212,4,5164.88,4,À Risque ⚠️
279,12626.0,23,9,6620.48,4,À Risque ⚠️
280,12627.0,11,7,4478.53,4,À Risque ⚠️
281,12628.0,4,3,786.46,4,À Risque ⚠️
282,12629.0,386,2,1558.22,0,Perdus 💤
283,12630.0,10,2,1270.88,4,À Risque ⚠️
284,12631.0,57,6,3481.57,4,À Risque ⚠️
285,12632.0,521,2,804.88,0,Perdus 💤
286,12633.0,59,7,5678.16,4,À Risque ⚠️
287,12634.0,536,2,490.0,0,Perdus 💤
288,12635.0,90,4,2930.41,4,À Risque ⚠️
289,12636.0,739,1,141.0,0,Perdus 💤
290,12637.0,67,12,8283.81,4,À Risque ⚠️
291,12638.0,33,2,921.49,4,À Risque ⚠️
292,12639.0,239,3,1312.37,4,À Risque ⚠️
293,12640.0,24,3,1174.58,4,À Risque ⚠️
294,12641.0,115,1,185.9,4,À Risque ⚠️
295,12642.0,25,3,1013.26,4,À Risque ⚠️
296,12643.0,128,12,8304.82,4,À Risque ⚠️
297,12644.0,130,4,1918.49,4,À Risque ⚠️
298,12645.0,34,8,3539.3,4,À Risque ⚠️
299,12646.0,5,2,1346.97,4,À Risque ⚠️
300,12647.0,22,36,16955.55,1,Prometteurs 🌱
301,12648.0,155,4,1112.0,4,À Risque ⚠️
302,12649.0,107,8,2294.65,4,À Risque ⚠️
303,12650.0,3,1,314.44,4,À Risque ⚠️
304,12651.0,335,4,377.75,0,Perdus 💤
305,12652.0,331,2,1017.03,0,Perdus 💤
306,12653.0,149,3,4160.83,4,À Risque ⚠️
307,12654.0,11,5,601.98,4,À Risque ⚠️
308,12655.0,424,1,261.35,0,Perdus 💤
309,12656.0,17,8,6407.83,4,À Risque ⚠️
310,12657.0,11,4,1643.18,4,À Risque ⚠️
311,12658.0,19,1,686.05,4,À Risque ⚠️
312,12659.0,30,1,91.68,4,À Risque ⚠️
313,12660.0,11,1,245.1,4,À Risque ⚠️
314,12661.0,436,1,162.0,0,Perdus 💤
315,12662.0,1,20,6726.54,1,Prometteurs 🌱
316,12663.0,625,2,239.4,0,Perdus 💤
317,12664.0,8,11,6070.04,4,À Risque ⚠️
318,12665.0,325,3,313.6,0,Perdus 💤
319,12666.0,394,1,1248.42,0,Perdus 💤
320,12667.0,58,1,620.13,4,À Risque ⚠️
321,12668.0,12,10,11383.03,4,À Risque ⚠️
322,12669.0,151,3,2744.0299999999997,4,À Risque ⚠️
323,12670.0,10,7,3760.29,4,À Risque ⚠️
324,12671.0,606,1,2622.481,0,Perdus 💤
325,12672.0,330,2,437.05,0,Perdus 💤
326,12673.0,5,3,1230.02,4,À Risque ⚠️
327,12674.0,39,4,1970.6,4,À Risque ⚠️
328,12675.0,554,2,957.25,0,Perdus 💤
329,12676.0,25,11,2843.09,4,À Risque ⚠️
330,12677.0,555,2,395.1,0,Perdus 💤
331,12678.0,42,21,34281.18,1,Prometteurs 🌱
332,12679.0,59,4,1113.02,4,À Risque ⚠️
333,12680.0,1,4,880.81,4,À Risque ⚠️
334,12681.0,15,45,29834.76,1,Prometteurs 🌱
335,12682.0,4,52,22950.22,1,Prometteurs 🌱
336,12683.0,4,21,11633.7,1,Prometteurs 🌱
337,12684.0,8,7,2283.63,4,À Risque ⚠️
338,12685.0,28,6,2863.08,4,À Risque ⚠️
339,12686.0,372,1,89.14,0,Perdus 💤
340,12687.0,481,2,2138.91,0,Perdus 💤
341,12688.0,114,1,4873.8099999999995,4,À Risque ⚠️
342,12689.0,26,2,1247.61,4,À Risque ⚠️
343,12690.0,206,1,389.01,4,À Risque ⚠️
344,12691.0,28,7,1170.4,4,À Risque ⚠️
345,12692.0,637,1,110.95,0,Perdus 💤
346,12693.0,127,7,1703.02,4,À Risque ⚠️
347,12694.0,70,3,1843.35,4,À Risque ⚠️
348,12695.0,7,7,1407.1200000000001,4,À Risque ⚠️
349,12696.0,435,2,851.91,0,Perdus 💤
350,12697.0,29,3,957.59,4,À Risque ⚠️
351,12698.0,590,1,339.75,0,Perdus 💤
352,12699.0,418,1,638.11,0,Perdus 💤
353,12700.0,8,4,4939.99,4,À Risque ⚠️
354,12701.0,80,6,2446.41,4,À Risque ⚠️
355,12702.0,20,1,219.0,4,À Risque ⚠️
356,12703.0,71,4,1006.53,4,À Risque ⚠️
357,12704.0,7,8,2340.84,4,À Risque ⚠️
358,12705.0,15,14,11762.1,4,À Risque ⚠️
359,12707.0,292,1,603.42,0,Perdus 💤
360,12708.0,30,18,5117.66,1,Prometteurs 🌱
361,12709.0,15,34,30291.76,1,Prometteurs 🌱
362,12710.0,97,3,1149.02,4,À Risque ⚠️
363,12711.0,612,2,1339.05,0,Perdus 💤
364,12712.0,29,21,6723.03,1,Prometteurs 🌱
365,12713.0,1,1,848.55,4,À Risque ⚠️
366,12714.0,9,12,14093.71,4,À Risque ⚠️
367,12715.0,106,1,343.36,4,À Risque ⚠️
368,12716.0,4,2,1053.49,4,À Risque ⚠️
369,12717.0,151,3,1308.91,4,À Risque ⚠️
370,12718.0,71,1,238.25,4,À Risque ⚠️
371,12719.0,5,2,644.95,4,À Risque ⚠️
372,12720.0,3,30,7787.28,1,Prometteurs 🌱
373,12721.0,32,8,4013.08,4,À Risque ⚠️
374,12722.0,85,4,997.63,4,À Risque ⚠️
375,12723.0,4,5,725.07,4,À Risque ⚠️
376,12724.0,5,7,2317.52,4,À Risque ⚠️
377,12725.0,371,4,2266.76,0,Perdus 💤
378,12726.0,28,11,4014.6,4,À Risque ⚠️
379,12727.0,11,10,5679.53,4,À Risque ⚠️
380,12728.0,71,5,1070.17,4,À Risque ⚠️
381,12729.0,114,1,453.01,4,À Risque ⚠️
382,12730.0,522,1,829.25,0,Perdus 💤
383,12731.0,24,17,25775.71,1,Prometteurs 🌱
384,12732.0,180,1,236.26000000000002,4,À Risque ⚠️
385,12733.0,234,4,2424.87,4,À Risque ⚠️
386,12734.0,353,3,639.65,0,Perdus 💤
387,12735.0,315,2,779.5699999999999,0,Perdus 💤
388,12736.0,333,1,234.0,0,Perdus 💤
389,12737.0,499,2,3710.5,0,Perdus 💤
390,12738.0,372,1,155.35,0,Perdus 💤
391,12739.0,78,4,2726.73,4,À Risque ⚠️
392,12740.0,64,1,427.6,4,À Risque ⚠️
393,12741.0,529,2,406.07,0,Perdus 💤
394,12742.0,626,1,1201.52,0,Perdus 💤
395,12743.0,134,2,540.13,4,À Risque ⚠️
396,12744.0,52,11,25317.06,1,Prometteurs 🌱
397,12745.0,487,3,925.41,0,Perdus 💤
398,12746.0,541,1,254.55,0,Perdus 💤
399,12747.0,2,26,8898.48,1,Prometteurs 🌱
400,12748.0,1,336,53539.64,2,Loyal Customers 🥈
401,12749.0,4,9,6897.36,4,À Risque ⚠️
402,12750.0,129,1,275.88,4,À Risque ⚠️
403,12751.0,445,1,268.27,0,Perdus 💤
404,12752.0,81,1,4366.78,4,À Risque ⚠️
405,12753.0,23,6,21429.39,4,À Risque ⚠️
406,12754.0,236,3,3010.74,4,À Risque ⚠️
407,12755.0,281,11,5236.259999999999,4,À Risque ⚠️
408,12756.0,87,1,112.07999999999998,4,À Risque ⚠️
409,12757.0,16,13,7834.650000000001,4,À Risque ⚠️
410,12758.0,117,7,9903.24,4,À Risque ⚠️
411,12759.0,52,8,5020.74,4,À Risque ⚠️
412,12760.0,456,1,347.8,0,Perdus 💤
413,12761.0,458,2,782.95,0,Perdus 💤
414,12762.0,8,2,1898.52,4,À Risque ⚠️
415,12763.0,138,2,494.08,4,À Risque ⚠️
416,12764.0,317,1,1693.88,0,Perdus 💤
417,12765.0,472,6,1404.58,0,Perdus 💤
418,12766.0,4,9,8918.99,4,À Risque ⚠️
419,12767.0,376,1,949.82,0,Perdus 💤
420,12768.0,451,1,168.69000000000003,0,Perdus 💤
421,12769.0,239,1,1143.6,4,À Risque ⚠️
422,12770.0,211,2,3246.45,4,À Risque ⚠️
423,12771.0,486,1,282.3,0,Perdus 💤
424,12772.0,60,1,892.47,4,À Risque ⚠️
425,12773.0,564,1,124.25,0,Perdus 💤
426,12774.0,536,1,98.7,0,Perdus 💤
427,12775.0,17,7,1686.12,4,À Risque ⚠️
428,12776.0,668,1,55.5,0,Perdus 💤
429,12777.0,458,1,519.45,0,Perdus 💤
430,12778.0,20,9,1775.68,4,À Risque ⚠️
431,12779.0,38,14,6474.11,4,À Risque ⚠️
432,12780.0,599,1,337.4,0,Perdus 💤
433,12781.0,64,2,826.74,4,À Risque ⚠️
434,12782.0,5,11,4618.24,4,À Risque ⚠️
435,12783.0,2,6,2225.91,4,À Risque ⚠️
436,12784.0,9,3,1763.15,4,À Risque ⚠️
437,12785.0,364,3,1100.4,0,Perdus 💤
438,12786.0,610,1,728.5,0,Perdus 💤
439,12787.0,10,4,862.18,4,À Risque ⚠️
440,12788.0,463,4,444.9,0,Perdus 💤
441,12789.0,65,3,273.35,4,À Risque ⚠️
442,12790.0,192,2,591.85,4,À Risque ⚠️
443,12791.0,374,6,863.51,0,Perdus 💤
444,12792.0,257,2,827.01,4,À Risque ⚠️
445,12793.0,335,3,885.53,0,Perdus 💤
446,12794.0,53,2,860.41,4,À Risque ⚠️
447,12795.0,19,1,430.48,4,À Risque ⚠️
448,12796.0,628,1,381.0,0,Perdus 💤
449,12797.0,366,2,552.08,0,Perdus 💤
450,12798.0,10,4,8510.93,4,À Risque ⚠️
451,12799.0,529,1,219.35,0,Perdus 💤
452,12800.0,470,3,584.25,0,Perdus 💤
453,12801.0,501,1,1071.82,0,Perdus 💤
454,12802.0,187,7,2416.42,4,À Risque ⚠️
455,12803.0,393,1,1092.81,0,Perdus 💤
456,12804.0,466,2,325.37,0,Perdus 💤
457,12805.0,382,4,1434.95,0,Perdus 💤
458,12806.0,435,4,2878.96,0,Perdus 💤
459,12807.0,383,1,330.35,0,Perdus 💤
460,12808.0,37,5,776.7,4,À Risque ⚠️
461,12809.0,178,3,1755.94,4,À Risque ⚠️
462,12810.0,535,2,534.99,0,Perdus 💤
463,12811.0,261,5,1033.9,4,À Risque ⚠️
464,12812.0,45,1,229.64000000000001,4,À Risque ⚠️
465,12813.0,502,3,1687.8,0,Perdus 💤
466,12814.0,102,1,125.92,4,À Risque ⚠️
467,12815.0,148,2,1063.46,4,À Risque ⚠️
468,12816.0,96,2,572.2,4,À Risque ⚠️
469,12817.0,281,3,690.98,0,Perdus 💤
470,12818.0,262,1,1542.08,4,À Risque ⚠️
471,12819.0,458,1,540.52,0,Perdus 💤
472,12820.0,3,11,2689.52,4,À Risque ⚠️
473,12821.0,214,2,220.8,4,À Risque ⚠️
474,12822.0,71,2,948.88,4,À Risque ⚠️
475,12823.0,75,18,6501.5,1,Prometteurs 🌱
476,12824.0,60,1,397.12,4,À Risque ⚠️
477,12825.0,521,2,518.63,0,Perdus 💤
478,12826.0,3,12,2800.75,4,À Risque ⚠️
479,12827.0,6,3,430.15000000000003,4,À Risque ⚠️
480,12828.0,3,6,1018.71,4,À Risque ⚠️
481,12829.0,337,3,385.3,0,Perdus 💤
482,12830.0,38,6,6814.64,4,À Risque ⚠️
483,12831.0,262,3,451.11,4,À Risque ⚠️
484,12832.0,32,2,383.03,4,À Risque ⚠️
485,12833.0,145,1,417.38,4,À Risque ⚠️
486,12834.0,283,1,312.38,0,Perdus 💤
487,12835.0,428,41,5996.83,1,Prometteurs 🌱
488,12836.0,59,15,6559.7300000000005,4,À Risque ⚠️
489,12837.0,173,2,662.66,4,À Risque ⚠️
490,12838.0,34,10,2975.91,4,À Risque ⚠️
491,12839.0,3,26,9669.12,1,Prometteurs 🌱
492,12840.0,144,7,4041.97,4,À Risque ⚠️
493,12841.0,5,40,6958.2,1,Prometteurs 🌱
494,12842.0,70,4,1917.99,4,À Risque ⚠️
495,12843.0,66,30,6583.36,1,Prometteurs 🌱
496,12844.0,29,4,648.6,4,À Risque ⚠️
497,12845.0,267,4,354.09,4,À Risque ⚠️
498,12846.0,682,1,15.58,0,Perdus 💤
499,12847.0,22,2,1609.0,4,À Risque ⚠️
500,12848.0,676,1,208.0,0,Perdus 💤
501,12849.0,31,6,3042.47,4,À Risque ⚠️
502,12850.0,446,1,330.0,0,Perdus 💤
503,12851.0,97,2,280.76,4,À Risque ⚠️
504,12852.0,295,1,311.55,0,Perdus 💤
505,12853.0,135,11,3907.5,4,À Risque ⚠️
506,12854.0,79,7,2970.9700000000003,4,À Risque ⚠️
507,12855.0,373,4,612.84,0,Perdus 💤
508,12856.0,8,6,2170.78,4,À Risque ⚠️
509,12857.0,211,6,3688.0,4,À Risque ⚠️
510,12858.0,383,1,147.27,0,Perdus 💤
511,12859.0,459,1,575.1,0,Perdus 💤
512,12860.0,693,1,54.22,0,Perdus 💤
513,12861.0,620,1,68.25,0,Perdus 💤
514,12862.0,426,2,984.62,0,Perdus 💤
515,12863.0,52,6,2792.5499999999997,4,À Risque ⚠️
516,12864.0,138,2,299.57,4,À Risque ⚠️
517,12865.0,26,4,3323.47,4,À Risque ⚠️
518,12866.0,283,3,1227.35,0,Perdus 💤
519,12867.0,26,13,7829.26,4,À Risque ⚠️
520,12868.0,186,8,2043.76,4,À Risque ⚠️
521,12869.0,682,1,337.66999999999996,0,Perdus 💤
522,12870.0,375,3,1676.95,0,Perdus 💤
523,12871.0,84,3,744.02,4,À Risque ⚠️
524,12872.0,327,12,3283.96,0,Perdus 💤
525,12873.0,282,3,2027.3,0,Perdus 💤
526,12874.0,385,2,948.42,0,Perdus 💤
527,12875.0,143,5,1356.99,4,À Risque ⚠️
528,12876.0,58,4,4081.79,4,À Risque ⚠️
529,12877.0,4,20,2942.14,1,Prometteurs 🌱
530,12878.0,236,2,854.99,4,À Risque ⚠️
531,12879.0,45,3,573.22,4,À Risque ⚠️
532,12880.0,382,2,640.13,0,Perdus 💤
533,12881.0,276,1,298.0,0,Perdus 💤
534,12882.0,9,2,1463.04,4,À Risque ⚠️
535,12883.0,25,4,703.47,4,À Risque ⚠️
536,12884.0,88,1,309.05,4,À Risque ⚠️
537,12885.0,63,3,1175.22,4,À Risque ⚠️
538,12886.0,68,2,1378.4,4,À Risque ⚠️
539,12887.0,384,1,222.4,0,Perdus 💤
540,12888.0,214,2,354.12,4,À Risque ⚠️
541,12889.0,381,4,385.46000000000004,0,Perdus 💤
542,12890.0,24,2,706.02,4,À Risque ⚠️
543,12891.0,186,11,840.5,4,À Risque ⚠️
544,12892.0,397,1,263.38,0,Perdus 💤
545,12893.0,31,1,176.55,4,À Risque ⚠️
546,12894.0,575,1,157.35,0,Perdus 💤
547,12895.0,42,2,372.8,4,À Risque ⚠️
548,12897.0,205,4,514.25,4,À Risque ⚠️
549,12898.0,464,2,296.21000000000004,0,Perdus 💤
550,12899.0,414,1,366.4,0,Perdus 💤
551,12900.0,422,1,340.33,0,Perdus 💤
552,12901.0,9,28,17654.54,1,Prometteurs 🌱
553,12902.0,265,1,138.68,4,À Risque ⚠️
554,12903.0,429,1,833.53,0,Perdus 💤
555,12904.0,18,2,496.06,4,À Risque ⚠️
556,12905.0,577,2,1018.42,0,Perdus 💤
557,12906.0,12,5,2919.81,4,À Risque ⚠️
558,12907.0,396,2,508.91,0,Perdus 💤
559,12908.0,176,5,1776.0,4,À Risque ⚠️
560,12909.0,40,8,3103.19,4,À Risque ⚠️
561,12910.0,23,13,5796.52,4,À Risque ⚠️
562,12911.0,552,1,1651.72,0,Perdus 💤
563,12912.0,3,5,1662.3,4,À Risque ⚠️
564,12913.0,5,13,6283.24,4,À Risque ⚠️
565,12914.0,401,1,223.98,0,Perdus 💤
566,12915.0,149,4,975.1,4,À Risque ⚠️
567,12916.0,139,7,4479.73,4,À Risque ⚠️
568,12917.0,128,6,4359.2,4,À Risque ⚠️
569,12918.0,626,1,10953.5,0,Perdus 💤
570,12919.0,8,6,1335.19,4,À Risque ⚠️
571,12920.0,17,4,486.64,4,À Risque ⚠️
572,12921.0,9,74,35233.24,1,Prometteurs 🌱
573,12922.0,161,1,405.38,4,À Risque ⚠️
574,12923.0,64,3,770.42,4,À Risque ⚠️
575,12924.0,88,12,2469.4,4,À Risque ⚠️
576,12925.0,5,3,729.3299999999999,4,À Risque ⚠️
577,12926.0,411,4,1523.97,0,Perdus 💤
578,12927.0,395,1,197.31,0,Perdus 💤
579,12928.0,35,12,4304.89,4,À Risque ⚠️
580,12929.0,312,1,117.85,0,Perdus 💤
581,12930.0,78,2,415.8,4,À Risque ⚠️
582,12931.0,22,57,92347.34,2,Loyal Customers 🥈
583,12932.0,539,8,1698.56,0,Perdus 💤
584,12933.0,24,8,1636.6299999999999,4,À Risque ⚠️
585,12934.0,737,1,181.65,0,Perdus 💤
586,12935.0,2,15,4243.86,4,À Risque ⚠️
587,12936.0,17,4,1063.9,4,À Risque ⚠️
588,12937.0,15,9,3097.61,4,À Risque ⚠️
589,12938.0,26,1,114.14,4,À Risque ⚠️
590,12939.0,64,20,25264.8,1,Prometteurs 🌱
591,12940.0,55,2,899.69,4,À Risque ⚠️
592,12941.0,724,1,377.49,0,Perdus 💤
593,12942.0,131,3,675.6,4,À Risque ⚠️
594,12943.0,558,2,496.5,0,Perdus 💤
595,12944.0,36,2,604.51,4,À Risque ⚠️
596,12945.0,288,2,900.11,0,Perdus 💤
597,12946.0,437,1,324.45,0,Perdus 💤
598,12947.0,144,6,1603.99,4,À Risque ⚠️
599,12948.0,16,9,2317.43,4,À Risque ⚠️
600,12949.0,31,22,15526.7,1,Prometteurs 🌱
601,12950.0,2,3,1843.0,4,À Risque ⚠️
602,12951.0,9,15,3213.7200000000003,4,À Risque ⚠️
603,12952.0,6,4,1387.79,4,À Risque ⚠️
604,12953.0,10,2,828.8100000000001,4,À Risque ⚠️
605,12954.0,639,1,162.45,0,Perdus 💤
606,12955.0,1,11,4757.16,4,À Risque ⚠️
607,12956.0,306,4,521.89,0,Perdus 💤
608,12957.0,10,13,8706.97,4,À Risque ⚠️
609,12958.0,400,2,467.34,0,Perdus 💤
610,12959.0,484,1,150.95,0,Perdus 💤
611,12960.0,414,4,1322.07,0,Perdus 💤
612,12961.0,379,1,211.99,0,Perdus 💤
613,12962.0,7,2,266.39,4,À Risque ⚠️
614,12963.0,8,12,3235.79,4,À Risque ⚠️
615,12964.0,437,1,132.24,0,Perdus 💤
616,12965.0,89,1,769.8100000000001,4,À Risque ⚠️
617,12966.0,10,1,160.18,4,À Risque ⚠️
618,12967.0,358,3,2938.52,0,Perdus 💤
619,12968.0,112,1,135.95,4,À Risque ⚠️
620,12969.0,603,1,122.45,0,Perdus 💤
621,12970.0,7,10,1453.6,4,À Risque ⚠️
622,12971.0,4,116,15704.6,2,Loyal Customers 🥈
623,12972.0,414,4,1161.2,0,Perdus 💤
624,12973.0,414,1,385.55,0,Perdus 💤
625,12974.0,198,2,408.95,4,À Risque ⚠️
626,12975.0,437,6,2100.09,0,Perdus 💤
627,12976.0,212,8,3156.38,4,À Risque ⚠️
628,12977.0,156,4,513.88,4,À Risque ⚠️
629,12978.0,385,5,2502.82,0,Perdus 💤
630,12979.0,729,1,517.7,0,Perdus 💤
631,12980.0,158,21,16245.78,1,Prometteurs 🌱
632,12981.0,30,2,372.21999999999997,4,À Risque ⚠️
633,12982.0,243,8,2744.81,4,À Risque ⚠️
634,12983.0,598,1,490.08000000000004,0,Perdus 💤
635,12984.0,19,1,97.5,4,À Risque ⚠️
636,12985.0,1,2,1239.38,4,À Risque ⚠️
637,12986.0,429,10,2729.84,0,Perdus 💤
638,12987.0,74,5,1312.21,4,À Risque ⚠️
639,12988.0,292,1,505.82,0,Perdus 💤
640,12989.0,3,33,13551.75,1,Prometteurs 🌱
641,12990.0,31,7,955.5,4,À Risque ⚠️
642,12991.0,23,3,764.82,4,À Risque ⚠️
643,12992.0,725,1,93.35000000000001,0,Perdus 💤
644,12993.0,23,8,1259.6299999999999,4,À Risque ⚠️
645,12994.0,4,3,974.4200000000001,4,À Risque ⚠️
646,12995.0,85,1,211.32,4,À Risque ⚠️
647,12996.0,376,1,355.5,0,Perdus 💤
648,12997.0,22,8,2110.91,4,À Risque ⚠️
649,12998.0,493,3,920.08,0,Perdus 💤
650,12999.0,196,3,455.88,4,À Risque ⚠️
651,13000.0,107,4,1032.5,4,À Risque ⚠️
652,13001.0,4,33,24042.65,1,Prometteurs 🌱
653,13002.0,318,3,414.13,0,Perdus 💤
654,13003.0,106,3,149.05,4,À Risque ⚠️
655,13004.0,12,36,11650.85,1,Prometteurs 🌱
656,13005.0,174,4,999.68,4,À Risque ⚠️
657,13006.0,56,1,81.57,4,À Risque ⚠️
658,13007.0,580,1,175.25,0,Perdus 💤
659,13008.0,323,3,612.13,0,Perdus 💤
660,13009.0,673,1,234.0,0,Perdus 💤
661,13010.0,374,2,330.12,0,Perdus 💤
662,13011.0,372,1,50.550000000000004,0,Perdus 💤
663,13012.0,9,11,2957.83,4,À Risque ⚠️
664,13013.0,1,29,11097.43,1,Prometteurs 🌱
665,13014.0,11,11,5381.08,4,À Risque ⚠️
666,13015.0,53,11,6579.78,4,À Risque ⚠️
667,13016.0,73,3,789.89,4,À Risque ⚠️
668,13017.0,7,1,204.0,4,À Risque ⚠️
669,13018.0,16,35,9763.16,1,Prometteurs 🌱
670,13019.0,379,6,1229.95,0,Perdus 💤
671,13020.0,563,2,618.96,0,Perdus 💤
672,13021.0,4,17,4887.24,4,À Risque ⚠️
673,13022.0,430,1,65.3,0,Perdus 💤
674,13023.0,64,3,1449.03,4,À Risque ⚠️
675,13024.0,471,2,555.87,0,Perdus 💤
676,13025.0,732,1,323.39,0,Perdus 💤
677,13026.0,1,9,1733.08,4,À Risque ⚠️
678,13027.0,114,19,17239.2,1,Prometteurs 🌱
679,13028.0,23,2,661.3199999999999,4,À Risque ⚠️
680,13029.0,31,5,1927.3,4,À Risque ⚠️
681,13030.0,11,2,752.4399999999999,4,À Risque ⚠️
682,13031.0,407,5,3292.84,0,Perdus 💤
683,13032.0,52,9,2815.96,4,À Risque ⚠️
684,13033.0,357,2,220.55,0,Perdus 💤
685,13034.0,55,3,756.82,4,À Risque ⚠️
686,13035.0,74,3,1364.2,4,À Risque ⚠️
687,13036.0,685,1,307.1,0,Perdus 💤
688,13037.0,138,12,3914.9500000000003,4,À Risque ⚠️
689,13038.0,80,3,908.46,4,À Risque ⚠️
690,13039.0,584,4,1010.73,0,Perdus 💤
691,13040.0,9,2,676.99,4,À Risque ⚠️
692,13041.0,451,4,799.13,0,Perdus 💤
693,13042.0,598,3,1488.59,0,Perdus 💤
694,13043.0,273,1,516.42,0,Perdus 💤
695,13044.0,291,11,4848.05,0,Perdus 💤
696,13045.0,99,3,808.92,4,À Risque ⚠️
697,13046.0,31,3,949.25,4,À Risque ⚠️
698,13047.0,32,24,8428.53,1,Prometteurs 🌱
699,13048.0,14,9,4049.13,4,À Risque ⚠️
700,13049.0,64,4,1408.24,4,À Risque ⚠️
701,13050.0,15,35,11986.52,1,Prometteurs 🌱
702,13051.0,579,2,155.8,0,Perdus 💤
703,13052.0,212,7,3119.33,4,À Risque ⚠️
704,13053.0,622,1,127.65,0,Perdus 💤
705,13055.0,78,4,2321.11,4,À Risque ⚠️
706,13056.0,551,1,209.48,0,Perdus 💤
707,13057.0,530,3,709.59,0,Perdus 💤
708,13058.0,25,3,271.40000000000003,4,À Risque ⚠️
709,13059.0,250,10,2291.77,4,À Risque ⚠️
710,13060.0,254,1,307.53,4,À Risque ⚠️
711,13061.0,72,1,248.61,4,À Risque ⚠️
712,13062.0,191,1,346.98,4,À Risque ⚠️
713,13063.0,481,1,188.4,0,Perdus 💤
714,13064.0,13,6,1666.8400000000001,4,À Risque ⚠️
715,13065.0,373,5,1055.05,0,Perdus 💤
716,13066.0,24,2,470.8,4,À Risque ⚠️
717,13067.0,82,3,508.51,4,À Risque ⚠️
718,13068.0,10,2,344.0,4,À Risque ⚠️
719,13069.0,1,38,9284.45,1,Prometteurs 🌱
720,13070.0,192,4,751.7,4,À Risque ⚠️
721,13071.0,612,1,129.22,0,Perdus 💤
722,13072.0,267,1,177.15,4,À Risque ⚠️
723,13073.0,411,2,418.08,0,Perdus 💤
724,13074.0,511,4,1378.74,0,Perdus 💤
725,13075.0,130,1,919.61,4,À Risque ⚠️
726,13076.0,458,1,135.4,0,Perdus 💤
727,13077.0,1,11,2740.65,4,À Risque ⚠️
728,13078.0,3,57,29018.06,1,Prometteurs 🌱
729,13079.0,4,6,419.18,4,À Risque ⚠️
730,13080.0,179,4,280.73,4,À Risque ⚠️
731,13081.0,12,28,56838.37,1,Prometteurs 🌱
732,13082.0,126,21,7335.75,1,Prometteurs 🌱
733,13083.0,4,3,395.43,4,À Risque ⚠️
734,13084.0,492,1,122.39999999999999,0,Perdus 💤
735,13085.0,158,8,2433.28,4,À Risque ⚠️
736,13086.0,383,1,439.33000000000004,0,Perdus 💤
737,13087.0,726,1,313.64,0,Perdus 💤
738,13088.0,417,1,236.11,0,Perdus 💤
739,13089.0,3,203,113416.91,2,Loyal Customers 🥈
740,13090.0,9,24,13091.74,1,Prometteurs 🌱
741,13091.0,28,3,2321.82,4,À Risque ⚠️
742,13092.0,71,12,2140.28,4,À Risque ⚠️
743,13093.0,276,55,54144.25,1,Prometteurs 🌱
744,13094.0,21,13,2209.44,4,À Risque ⚠️
745,13095.0,71,1,74.39999999999999,4,À Risque ⚠️
746,13096.0,394,1,419.70000000000005,0,Perdus 💤
747,13097.0,33,28,13324.1,1,Prometteurs 🌱
748,13098.0,1,28,28882.44,1,Prometteurs 🌱
749,13099.0,99,1,207.35999999999999,4,À Risque ⚠️
750,13101.0,234,4,695.4,4,À Risque ⚠️
751,13102.0,1,37,11380.1,1,Prometteurs 🌱
752,13103.0,40,3,709.64,4,À Risque ⚠️
753,13104.0,3,9,1709.1,4,À Risque ⚠️
754,13105.0,436,1,72.0,0,Perdus 💤
755,13106.0,133,2,603.46,4,À Risque ⚠️
756,13107.0,44,9,5253.07,4,À Risque ⚠️
757,13108.0,373,2,748.46,0,Perdus 💤
758,13109.0,60,3,1134.03,4,À Risque ⚠️
759,13110.0,31,12,2957.4700000000003,4,À Risque ⚠️
760,13111.0,719,1,321.88000000000005,0,Perdus 💤
761,13112.0,541,1,20.6,0,Perdus 💤
762,13113.0,1,37,18230.07,1,Prometteurs 🌱
763,13114.0,731,1,234.38,0,Perdus 💤
764,13115.0,12,10,5494.7,4,À Risque ⚠️
765,13116.0,138,1,501.14,4,À Risque ⚠️
766,13117.0,22,18,2255.66,4,À Risque ⚠️
767,13118.0,20,9,2415.41,4,À Risque ⚠️
768,13119.0,669,1,134.9,0,Perdus 💤
769,13120.0,239,1,30.599999999999998,4,À Risque ⚠️
770,13121.0,269,1,283.73,0,Perdus 💤
771,13122.0,94,2,922.39,4,À Risque ⚠️
772,13123.0,473,2,506.75,0,Perdus 💤
773,13124.0,90,4,4641.66,4,À Risque ⚠️
774,13125.0,524,1,148.62,0,Perdus 💤
775,13126.0,5,13,3774.81,4,À Risque ⚠️
776,13127.0,78,1,259.17,4,À Risque ⚠️
777,13128.0,631,1,263.5,0,Perdus 💤
778,13129.0,452,2,233.25,0,Perdus 💤
779,13130.0,94,1,64.0,4,À Risque ⚠️
780,13131.0,23,7,3313.77,4,À Risque ⚠️
781,13132.0,262,1,77.3,4,À Risque ⚠️
782,13133.0,274,3,200.45000000000002,0,Perdus 💤
783,13134.0,86,6,2475.23,4,À Risque ⚠️
784,13135.0,197,2,3371.45,4,À Risque ⚠️
785,13136.0,56,13,6274.56,4,À Risque ⚠️
786,13137.0,11,16,7586.94,4,À Risque ⚠️
787,13138.0,22,7,1274.01,4,À Risque ⚠️
788,13139.0,16,8,8202.98,4,À Risque ⚠️
789,13140.0,108,5,1054.92,4,À Risque ⚠️
790,13141.0,85,17,7656.08,4,À Risque ⚠️
791,13142.0,19,1,307.09,4,À Risque ⚠️
792,13143.0,585,1,405.1,0,Perdus 💤
793,13144.0,333,2,135.35,0,Perdus 💤
794,13145.0,40,7,1128.52,4,À Risque ⚠️
795,13146.0,26,1,228.91,4,À Risque ⚠️
796,13147.0,10,4,712.8000000000001,4,À Risque ⚠️
797,13148.0,29,26,8497.82,1,Prometteurs 🌱
798,13149.0,14,4,1676.06,4,À Risque ⚠️
799,13150.0,484,3,449.96999999999997,0,Perdus 💤
800,13151.0,296,3,2465.21,0,Perdus 💤
801,13152.0,417,7,2146.38,0,Perdus 💤
802,13153.0,6,1,486.22,4,À Risque ⚠️
803,13154.0,399,3,1624.84,0,Perdus 💤
804,13155.0,33,6,1370.48,4,À Risque ⚠️
805,13156.0,385,3,1586.54,0,Perdus 💤
806,13157.0,49,9,5687.36,4,À Risque ⚠️
807,13158.0,95,5,1508.18,4,À Risque ⚠️
808,13159.0,9,4,1429.35,4,À Risque ⚠️
809,13160.0,22,1,91.8,4,À Risque ⚠️
810,13161.0,313,2,472.13,0,Perdus 💤
811,13162.0,122,16,9275.49,4,À Risque ⚠️
812,13163.0,610,1,17.65,0,Perdus 💤
813,13164.0,569,2,372.2,0,Perdus 💤
814,13165.0,46,3,1451.16,4,À Risque ⚠️
815,13166.0,283,2,875.93,0,Perdus 💤
816,13167.0,19,5,1125.15,4,À Risque ⚠️
817,13168.0,36,5,1840.73,4,À Risque ⚠️
818,13169.0,64,3,840.08,4,À Risque ⚠️
819,13170.0,27,1,108.81,4,À Risque ⚠️
820,13171.0,22,3,468.41,4,À Risque ⚠️
821,13172.0,400,1,69.6,0,Perdus 💤
822,13173.0,4,11,2399.82,4,À Risque ⚠️
823,13174.0,16,12,7995.36,4,À Risque ⚠️
824,13175.0,582,2,831.45,0,Perdus 💤
825,13176.0,46,1,481.49,4,À Risque ⚠️
826,13177.0,65,2,512.2,4,À Risque ⚠️
827,13178.0,26,21,14059.19,1,Prometteurs 🌱
828,13179.0,619,1,572.3100000000001,0,Perdus 💤
829,13180.0,607,1,86.10000000000001,0,Perdus 💤
830,13181.0,381,1,359.69,0,Perdus 💤
831,13182.0,45,1,121.18,4,À Risque ⚠️
832,13183.0,8,15,7036.18,4,À Risque ⚠️
833,13184.0,15,10,1668.95,4,À Risque ⚠️
834,13185.0,268,1,71.4,0,Perdus 💤
835,13186.0,40,3,1575.89,4,À Risque ⚠️
836,13187.0,337,4,341.36,0,Perdus 💤
837,13188.0,11,1,114.60000000000001,4,À Risque ⚠️
838,13189.0,19,2,260.68,4,À Risque ⚠️
839,13190.0,544,3,570.66,0,Perdus 💤
840,13191.0,658,1,164.69,0,Perdus 💤
841,13192.0,95,6,2558.58,4,À Risque ⚠️
842,13193.0,61,1,112.08,4,À Risque ⚠️
843,13194.0,136,2,472.78,4,À Risque ⚠️
844,13195.0,414,1,136.73,0,Perdus 💤
845,13196.0,11,7,3068.84,4,À Risque ⚠️
846,13197.0,610,1,373.01000000000005,0,Perdus 💤
847,13198.0,10,8,4974.2300000000005,4,À Risque ⚠️
848,13199.0,4,67,15964.210000000001,1,Prometteurs 🌱
849,13200.0,19,4,870.09,4,À Risque ⚠️
850,13201.0,502,4,1233.06,0,Perdus 💤
851,13202.0,394,7,1580.3,0,Perdus 💤
852,13203.0,10,10,2648.25,4,À Risque ⚠️
853,13204.0,731,1,966.6600000000001,0,Perdus 💤
854,13205.0,443,1,2803.2,0,Perdus 💤
855,13206.0,400,13,8308.19,0,Perdus 💤
856,13207.0,15,4,535.86,4,À Risque ⚠️
857,13208.0,59,9,1976.3,4,À Risque ⚠️
858,13209.0,30,13,8509.51,4,À Risque ⚠️
859,13210.0,94,1,353.48,4,À Risque ⚠️
860,13211.0,10,10,2618.77,4,À Risque ⚠️
861,13212.0,20,3,786.83,4,À Risque ⚠️
862,13213.0,57,11,3851.52,4,À Risque ⚠️
863,13214.0,418,7,3264.23,0,Perdus 💤
864,13215.0,402,1,81.6,0,Perdus 💤
865,13216.0,268,1,333.74,0,Perdus 💤
866,13217.0,122,4,666.48,4,À Risque ⚠️
867,13218.0,127,1,62.63999999999999,4,À Risque ⚠️
868,13219.0,618,1,76.23,0,Perdus 💤
869,13220.0,78,5,1336.0900000000001,4,À Risque ⚠️
870,13221.0,240,2,847.41,4,À Risque ⚠️
871,13222.0,577,1,88.5,0,Perdus 💤
872,13223.0,200,6,969.1200000000001,4,À Risque ⚠️
873,13224.0,60,2,2155.95,4,À Risque ⚠️
874,13225.0,3,16,16260.07,1,Prometteurs 🌱
875,13226.0,273,2,312.46,0,Perdus 💤
876,13227.0,202,1,257.7,4,À Risque ⚠️
877,13228.0,81,1,358.0,4,À Risque ⚠️
878,13229.0,226,1,160.95,4,À Risque ⚠️
879,13230.0,4,30,6120.01,1,Prometteurs 🌱
880,13232.0,13,7,1328.35,4,À Risque ⚠️
881,13233.0,74,4,1176.46,4,À Risque ⚠️
882,13234.0,673,2,346.5,0,Perdus 💤
883,13235.0,212,1,1031.07,4,À Risque ⚠️
884,13236.0,25,2,744.85,4,À Risque ⚠️
885,13237.0,388,1,643.0,0,Perdus 💤
886,13238.0,17,6,1006.63,4,À Risque ⚠️
887,13239.0,262,5,1594.69,4,À Risque ⚠️
888,13240.0,96,8,1475.79,4,À Risque ⚠️
889,13241.0,412,1,112.53,0,Perdus 💤
890,13242.0,112,7,699.4,4,À Risque ⚠️
891,13243.0,203,5,1220.38,4,À Risque ⚠️
892,13244.0,93,1,121.74000000000001,4,À Risque ⚠️
893,13245.0,51,2,989.22,4,À Risque ⚠️
894,13246.0,18,11,3351.75,4,À Risque ⚠️
895,13247.0,18,4,501.12,4,À Risque ⚠️
896,13248.0,125,2,465.68,4,À Risque ⚠️
897,13249.0,92,9,1608.93,4,À Risque ⚠️
898,13250.0,461,2,253.09,0,Perdus 💤
899,13251.0,402,1,252.68,0,Perdus 💤
900,13252.0,394,2,399.3,0,Perdus 💤
901,13253.0,157,4,2951.11,4,À Risque ⚠️
902,13254.0,376,1,51.410000000000004,0,Perdus 💤
903,13255.0,9,3,678.76,4,À Risque ⚠️
904,13257.0,436,1,149.75,0,Perdus 💤
905,13258.0,12,5,1009.43,4,À Risque ⚠️
906,13259.0,62,9,1402.54,4,À Risque ⚠️
907,13260.0,61,1,557.62,4,À Risque ⚠️
908,13261.0,269,2,944.1,4,À Risque ⚠️
909,13262.0,263,3,573.45,4,À Risque ⚠️
910,13263.0,1,39,8676.2,1,Prometteurs 🌱
911,13264.0,443,1,722.5600000000001,0,Perdus 💤
912,13265.0,53,5,2092.66,4,À Risque ⚠️
913,13266.0,11,19,6135.04,1,Prometteurs 🌱
914,13267.0,3,36,9429.81,1,Prometteurs 🌱
915,13268.0,18,11,3174.75,4,À Risque ⚠️
916,13269.0,1,28,8537.32,1,Prometteurs 🌱
917,13270.0,366,1,590.0,0,Perdus 💤
918,13271.0,37,1,211.49,4,À Risque ⚠️
919,13272.0,31,2,276.56,4,À Risque ⚠️
920,13273.0,113,1,138.98,4,À Risque ⚠️
921,13274.0,409,1,360.85,0,Perdus 💤
922,13275.0,384,2,238.86,0,Perdus 💤
923,13276.0,64,5,1891.91,4,À Risque ⚠️
924,13277.0,16,7,523.3,4,À Risque ⚠️
925,13278.0,41,4,1435.85,4,À Risque ⚠️
926,13279.0,78,1,137.75,4,À Risque ⚠️
927,13280.0,122,7,2293.33,4,À Risque ⚠️
928,13281.0,439,1,350.85,0,Perdus 💤
929,13282.0,18,4,1313.19,4,À Risque ⚠️
930,13283.0,60,4,373.36,4,À Risque ⚠️
931,13284.0,331,1,201.19,0,Perdus 💤
932,13285.0,23,6,3364.59,4,À Risque ⚠️
933,13286.0,600,1,734.91,0,Perdus 💤
934,13287.0,603,3,781.59,0,Perdus 💤
935,13288.0,443,5,927.61,0,Perdus 💤
936,13289.0,724,1,307.95,0,Perdus 💤
937,13290.0,438,1,208.63,0,Perdus 💤
938,13291.0,156,11,3270.79,4,À Risque ⚠️
939,13292.0,39,5,994.51,4,À Risque ⚠️
940,13293.0,392,6,1192.94,0,Perdus 💤
941,13294.0,190,3,1689.53,4,À Risque ⚠️
942,13295.0,360,4,1101.97,0,Perdus 💤
943,13296.0,137,6,792.51,4,À Risque ⚠️
944,13297.0,8,7,4368.62,4,À Risque ⚠️
945,13298.0,1,1,360.0,4,À Risque ⚠️
946,13299.0,268,3,1218.7,4,À Risque ⚠️
947,13300.0,169,3,1285.51,4,À Risque ⚠️
948,13301.0,104,4,618.09,4,À Risque ⚠️
949,13302.0,155,2,159.2,4,À Risque ⚠️
950,13303.0,400,1,61.72,0,Perdus 💤
951,13304.0,351,4,1217.99,0,Perdus 💤
952,13305.0,4,16,3616.41,4,À Risque ⚠️
953,13306.0,430,1,53.65,0,Perdus 💤
954,13307.0,120,3,273.34,4,À Risque ⚠️
955,13308.0,23,4,1670.3700000000001,4,À Risque ⚠️
956,13309.0,7,6,1706.3700000000001,4,À Risque ⚠️
957,13310.0,28,5,1541.2,4,À Risque ⚠️
958,13311.0,4,2,598.57,4,À Risque ⚠️
959,13312.0,451,1,124.75,0,Perdus 💤
960,13313.0,22,12,3445.32,4,À Risque ⚠️
961,13314.0,2,3,775.94,4,À Risque ⚠️
962,13315.0,689,1,310.26,0,Perdus 💤
963,13316.0,37,10,12940.82,4,À Risque ⚠️
964,13317.0,66,19,6486.091,1,Prometteurs 🌱
965,13318.0,1,3,640.76,4,À Risque ⚠️
966,13319.0,5,58,21323.22,1,Prometteurs 🌱
967,13320.0,78,6,2211.6,4,À Risque ⚠️
968,13321.0,72,2,567.36,4,À Risque ⚠️
969,13322.0,17,1,199.48000000000002,4,À Risque ⚠️
970,13323.0,3,5,787.85,4,À Risque ⚠️
971,13324.0,36,18,10513.47,1,Prometteurs 🌱
972,13325.0,82,1,675.3,4,À Risque ⚠️
973,13326.0,432,1,281.76,0,Perdus 💤
974,13327.0,39,20,9134.48,1,Prometteurs 🌱
975,13328.0,316,1,1308.48,0,Perdus 💤
976,13329.0,32,8,4808.77,4,À Risque ⚠️
977,13330.0,93,6,2796.1,4,À Risque ⚠️
978,13331.0,402,1,262.4,0,Perdus 💤
979,13332.0,14,1,350.9,4,À Risque ⚠️
980,13333.0,411,3,1015.74,0,Perdus 💤
981,13334.0,82,5,6201.8,4,À Risque ⚠️
982,13336.0,77,1,795.12,4,À Risque ⚠️
983,13337.0,546,1,1575.26,0,Perdus 💤
984,13338.0,158,4,2445.62,4,À Risque ⚠️
985,13339.0,201,1,860.12,4,À Risque ⚠️
986,13340.0,45,12,22100.56,1,Prometteurs 🌱
987,13341.0,261,1,775.85,4,À Risque ⚠️
988,13343.0,178,1,353.43,4,À Risque ⚠️
989,13344.0,68,3,2511.69,4,À Risque ⚠️
990,13345.0,288,1,389.5,0,Perdus 💤
991,13346.0,463,6,299.4,0,Perdus 💤
992,13347.0,70,1,341.36,4,À Risque ⚠️
993,13348.0,64,1,233.76,4,À Risque ⚠️
994,13349.0,11,1,247.32,4,À Risque ⚠️
995,13350.0,16,2,979.12,4,À Risque ⚠️
996,13351.0,66,1,373.94,4,À Risque ⚠️
997,13352.0,60,1,397.97999999999996,4,À Risque ⚠️
998,13354.0,71,1,743.53,4,À Risque ⚠️
999,13355.0,122,1,674.7,4,À Risque ⚠️
1000,13356.0,80,1,768.24,4,À Risque ⚠️
1001,13357.0,257,5,3805.5099999999998,4,À Risque ⚠️
1002,13358.0,269,1,439.03,0,Perdus 💤
1003,13359.0,64,2,1043.31,4,À Risque ⚠️
1004,13360.0,432,4,1553.65,0,Perdus 💤
1005,13361.0,472,2,1450.5,0,Perdus 💤
1006,13362.0,9,7,5394.07,4,À Risque ⚠️
1007,13363.0,18,3,1723.86,4,À Risque ⚠️
1008,13364.0,71,1,134.95999999999998,4,À Risque ⚠️
1009,13365.0,34,2,2225.37,4,À Risque ⚠️
1010,13366.0,50,1,56.160000000000004,4,À Risque ⚠️
1011,13367.0,432,1,510.20000000000005,0,Perdus 💤
1012,13368.0,257,4,1121.5,4,À Risque ⚠️
1013,13369.0,366,1,308.28000000000003,0,Perdus 💤
1014,13370.0,372,1,754.87,0,Perdus 💤
1015,13371.0,505,2,2297.66,0,Perdus 💤
1016,13372.0,90,1,378.64,4,À Risque ⚠️
1017,13373.0,61,6,7587.1900000000005,4,À Risque ⚠️
1018,13374.0,415,2,422.8,0,Perdus 💤
1019,13375.0,89,2,1792.23,4,À Risque ⚠️
1020,13376.0,99,3,1019.76,4,À Risque ⚠️
1021,13377.0,397,2,1552.88,0,Perdus 💤
1022,13379.0,26,3,572.56,4,À Risque ⚠️
1023,13380.0,433,1,62.4,0,Perdus 💤
1024,13381.0,32,12,8224.37,4,À Risque ⚠️
1025,13382.0,281,5,1387.58,0,Perdus 💤
1026,13383.0,544,1,305.28000000000003,0,Perdus 💤
1027,13384.0,31,11,6680.83,4,À Risque ⚠️
1028,13385.0,330,1,534.57,0,Perdus 💤
1029,13386.0,414,2,835.46,0,Perdus 💤
1030,13387.0,417,1,186.94,0,Perdus 💤
1031,13388.0,131,3,1185.65,4,À Risque ⚠️
1032,13389.0,11,3,797.96,4,À Risque ⚠️
1033,13390.0,75,1,544.08,4,À Risque ⚠️
1034,13391.0,204,1,59.8,4,À Risque ⚠️
1035,13392.0,677,1,91.14,0,Perdus 💤
1036,13393.0,584,4,1131.45,0,Perdus 💤
1037,13394.0,2,19,6621.7,1,Prometteurs 🌱
1038,13395.0,185,3,1180.23,4,À Risque ⚠️
1039,13396.0,29,2,1360.99,4,À Risque ⚠️
1040,13397.0,73,10,3191.87,4,À Risque ⚠️
1041,13398.0,192,2,670.34,4,À Risque ⚠️
1042,13399.0,464,3,275.4,0,Perdus 💤
1043,13400.0,583,1,310.83,0,Perdus 💤
1044,13402.0,127,4,1226.8500000000001,4,À Risque ⚠️
1045,13403.0,18,3,229.5,4,À Risque ⚠️
1046,13404.0,1,2,252.49,4,À Risque ⚠️
1047,13405.0,74,6,1213.811,4,À Risque ⚠️
1048,13406.0,427,2,568.92,0,Perdus 💤
1049,13407.0,579,3,2244.7,0,Perdus 💤
1050,13408.0,2,106,50174.782,2,Loyal Customers 🥈
1051,13410.0,24,9,2201.96,4,À Risque ⚠️
1052,13411.0,107,1,213.55,4,À Risque ⚠️
1053,13412.0,620,1,487.34999999999997,0,Perdus 💤
1054,13413.0,640,6,429.44,0,Perdus 💤
1055,13414.0,134,6,2494.14,4,À Risque ⚠️
1056,13415.0,473,4,784.17,0,Perdus 💤
1057,13416.0,44,3,940.8000000000001,4,À Risque ⚠️
1058,13417.0,5,6,1669.49,4,À Risque ⚠️
1059,13418.0,12,31,11559.66,1,Prometteurs 🌱
1060,13419.0,64,1,221.06,4,À Risque ⚠️
1061,13420.0,150,2,159.85,4,À Risque ⚠️
1062,13421.0,40,8,4058.75,4,À Risque ⚠️
1063,13422.0,64,1,2626.3,4,À Risque ⚠️
1064,13423.0,429,1,217.03,0,Perdus 💤
1065,13424.0,450,1,572.77,0,Perdus 💤
1066,13425.0,108,5,3390.4300000000003,4,À Risque ⚠️
1067,13426.0,1,22,8167.38,1,Prometteurs 🌱
1068,13427.0,19,6,1006.53,4,À Risque ⚠️
1069,13428.0,10,3,478.54,4,À Risque ⚠️
1070,13429.0,11,4,1006.8,4,À Risque ⚠️
1071,13430.0,19,2,679.45,4,À Risque ⚠️
1072,13431.0,67,8,3316.24,4,À Risque ⚠️
1073,13432.0,571,2,439.1,0,Perdus 💤
1074,13433.0,501,4,658.3199999999999,0,Perdus 💤
1075,13434.0,74,5,1666.8600000000001,4,À Risque ⚠️
1076,13435.0,5,9,4447.33,4,À Risque ⚠️
1077,13436.0,2,1,196.89,4,À Risque ⚠️
1078,13437.0,14,7,3408.06,4,À Risque ⚠️
1079,13438.0,547,1,46.5,0,Perdus 💤
1080,13439.0,255,3,986.61,4,À Risque ⚠️
1081,13440.0,423,7,1295.25,0,Perdus 💤
1082,13441.0,92,2,720.9,4,À Risque ⚠️
1083,13442.0,667,3,419.87,0,Perdus 💤
1084,13443.0,449,6,1273.16,0,Perdus 💤
1085,13444.0,374,2,619.08,0,Perdus 💤
1086,13445.0,626,1,241.89999999999998,0,Perdus 💤
1087,13446.0,430,11,3881.89,0,Perdus 💤
1088,13447.0,23,3,1129.14,4,À Risque ⚠️
1089,13448.0,17,13,8745.93,4,À Risque ⚠️
1090,13449.0,24,1,291.88,4,À Risque ⚠️
1091,13450.0,27,13,4120.04,4,À Risque ⚠️
1092,13451.0,26,11,7090.06,4,À Risque ⚠️
1093,13452.0,259,3,729.8,4,À Risque ⚠️
1094,13453.0,166,3,781.6899999999999,4,À Risque ⚠️
1095,13454.0,641,1,219.87,0,Perdus 💤
1096,13455.0,25,6,2212.9900000000002,4,À Risque ⚠️
1097,13456.0,18,6,1766.72,4,À Risque ⚠️
1098,13457.0,689,2,148.22,0,Perdus 💤
1099,13458.0,7,16,11959.27,1,Prometteurs 🌱
1100,13459.0,625,2,1160.4099999999999,0,Perdus 💤
1101,13460.0,29,2,183.44,4,À Risque ⚠️
1102,13461.0,39,6,4160.0,4,À Risque ⚠️
1103,13462.0,253,5,1153.85,4,À Risque ⚠️
1104,13464.0,58,6,3097.64,4,À Risque ⚠️
1105,13465.0,446,2,931.12,0,Perdus 💤
1106,13466.0,184,5,1013.35,4,À Risque ⚠️
1107,13467.0,11,2,1071.91,4,À Risque ⚠️
1108,13468.0,2,72,12793.28,1,Prometteurs 🌱
1109,13469.0,653,1,82.4,0,Perdus 💤
1110,13470.0,99,2,165.0,4,À Risque ⚠️
1111,13471.0,1,4,2501.84,4,À Risque ⚠️
1112,13472.0,464,2,592.24,0,Perdus 💤
1113,13473.0,61,8,2657.7599999999998,4,À Risque ⚠️
1114,13474.0,236,3,646.59,4,À Risque ⚠️
1115,13475.0,191,4,1431.78,4,À Risque ⚠️
1116,13476.0,179,5,2061.4700000000003,4,À Risque ⚠️
1117,13477.0,38,11,2819.17,4,À Risque ⚠️
1118,13478.0,469,5,2215.78,0,Perdus 💤
1119,13479.0,201,4,851.37,4,À Risque ⚠️
1120,13480.0,417,2,627.82,0,Perdus 💤
1121,13481.0,46,11,3830.84,4,À Risque ⚠️
1122,13482.0,232,2,336.09,4,À Risque ⚠️
1123,13483.0,66,1,140.34,4,À Risque ⚠️
1124,13484.0,241,3,790.72,4,À Risque ⚠️
1125,13485.0,233,11,3019.2200000000003,4,À Risque ⚠️
1126,13486.0,78,3,1122.41,4,À Risque ⚠️
1127,13487.0,58,5,846.87,4,À Risque ⚠️
1128,13488.0,17,23,14205.96,1,Prometteurs 🌱
1129,13489.0,105,4,449.52,4,À Risque ⚠️
1130,13490.0,654,1,154.25,0,Perdus 💤
1131,13491.0,52,27,4467.66,1,Prometteurs 🌱
1132,13492.0,136,3,1269.84,4,À Risque ⚠️
1133,13493.0,275,2,618.63,0,Perdus 💤
1134,13494.0,312,1,316.26000000000005,0,Perdus 💤
1135,13495.0,8,10,4863.31,4,À Risque ⚠️
1136,13496.0,11,2,653.33,4,À Risque ⚠️
1137,13497.0,283,6,1166.83,0,Perdus 💤
1138,13498.0,730,1,327.38,0,Perdus 💤
1139,13499.0,18,5,1159.11,4,À Risque ⚠️
1140,13500.0,23,4,1466.3,4,À Risque ⚠️
1141,13501.0,288,3,2885.11,0,Perdus 💤
1142,13502.0,17,5,780.5,4,À Risque ⚠️
1143,13503.0,71,6,1859.24,4,À Risque ⚠️
1144,13504.0,64,1,295.93,4,À Risque ⚠️
1145,13505.0,73,4,4393.63,4,À Risque ⚠️
1146,13506.0,316,5,1338.08,0,Perdus 💤
1147,13507.0,3,4,2479.16,4,À Risque ⚠️
1148,13508.0,244,2,287.05,4,À Risque ⚠️
1149,13509.0,9,8,1114.72,4,À Risque ⚠️
1150,13510.0,1,11,4558.29,4,À Risque ⚠️
1151,13511.0,677,1,282.76,0,Perdus 💤
1152,13512.0,261,4,713.39,4,À Risque ⚠️
1153,13513.0,127,3,824.59,4,À Risque ⚠️
1154,13514.0,74,4,815.9000000000001,4,À Risque ⚠️
1155,13515.0,73,6,1265.82,4,À Risque ⚠️
1156,13516.0,21,4,1685.26,4,À Risque ⚠️
1157,13517.0,60,3,2128.42,4,À Risque ⚠️
1158,13518.0,86,1,627.16,4,À Risque ⚠️
1159,13519.0,78,2,343.21,4,À Risque ⚠️
1160,13520.0,59,11,6606.0,4,À Risque ⚠️
1161,13521.0,1,3,1071.73,4,À Risque ⚠️
1162,13522.0,30,1,125.80000000000001,4,À Risque ⚠️
1163,13523.0,33,6,4534.57,4,À Risque ⚠️
1164,13524.0,41,5,680.1800000000001,4,À Risque ⚠️
1165,13525.0,15,2,628.78,4,À Risque ⚠️
1166,13526.0,738,2,1182.0,0,Perdus 💤
1167,13527.0,34,12,4541.29,4,À Risque ⚠️
1168,13529.0,79,2,307.76,4,À Risque ⚠️
1169,13530.0,634,1,402.97999999999996,0,Perdus 💤
1170,13531.0,205,6,1433.07,4,À Risque ⚠️
1171,13532.0,34,1,210.31,4,À Risque ⚠️
1172,13533.0,183,3,269.09,4,À Risque ⚠️
1173,13534.0,2,35,7720.9,1,Prometteurs 🌱
1174,13535.0,403,1,89.5,0,Perdus 💤
1175,13536.0,1,7,3444.39,4,À Risque ⚠️
1176,13537.0,426,2,717.85,0,Perdus 💤
1177,13538.0,43,12,3103.13,4,À Risque ⚠️
1178,13539.0,86,7,1569.3600000000001,4,À Risque ⚠️
1179,13540.0,467,3,632.39,0,Perdus 💤
1180,13541.0,427,2,785.25,0,Perdus 💤
1181,13542.0,377,17,3959.4900000000002,0,Perdus 💤
1182,13543.0,634,2,1439.6100000000001,0,Perdus 💤
1183,13544.0,40,6,790.2,4,À Risque ⚠️
1184,13545.0,391,2,364.93,0,Perdus 💤
1185,13546.0,12,5,1086.24,4,À Risque ⚠️
1186,13547.0,408,1,167.08,0,Perdus 💤
1187,13548.0,96,3,901.44,4,À Risque ⚠️
1188,13549.0,26,8,1005.8,4,À Risque ⚠️
1189,13550.0,383,1,342.55,0,Perdus 💤
1190,13551.0,319,2,244.2,0,Perdus 💤
1191,13552.0,66,22,6948.92,1,Prometteurs 🌱
1192,13553.0,675,1,499.6,0,Perdus 💤
1193,13554.0,380,7,1629.35,0,Perdus 💤
1194,13555.0,74,13,8891.84,4,À Risque ⚠️
1195,13556.0,429,2,200.82,0,Perdus 💤
1196,13557.0,28,13,3032.26,4,À Risque ⚠️
1197,13558.0,6,4,594.52,4,À Risque ⚠️
1198,13559.0,513,2,990.0,0,Perdus 💤
1199,13560.0,7,1,171.42000000000002,4,À Risque ⚠️
1200,13561.0,216,11,1803.4,4,À Risque ⚠️
1201,13562.0,82,8,4838.18,4,À Risque ⚠️
1202,13563.0,84,2,777.53,4,À Risque ⚠️
1203,13564.0,144,37,16498.97,1,Prometteurs 🌱
1204,13565.0,19,3,414.8,4,À Risque ⚠️
1205,13566.0,41,5,1688.6,4,À Risque ⚠️
1206,13567.0,428,4,1079.29,0,Perdus 💤
1207,13568.0,173,1,187.05,4,À Risque ⚠️
1208,13569.0,17,4,726.54,4,À Risque ⚠️
1209,13570.0,243,1,239.49,4,À Risque ⚠️
1210,13571.0,13,26,4537.26,1,Prometteurs 🌱
1211,13572.0,206,1,1384.25,4,À Risque ⚠️
1212,13573.0,50,6,904.52,4,À Risque ⚠️
1213,13574.0,411,1,404.45,0,Perdus 💤
1214,13575.0,23,5,732.0699999999999,4,À Risque ⚠️
1215,13576.0,10,28,11202.59,1,Prometteurs 🌱
1216,13577.0,25,11,3489.28,4,À Risque ⚠️
1217,13578.0,409,1,147.66,0,Perdus 💤
1218,13579.0,15,5,1374.34,4,À Risque ⚠️
1219,13580.0,406,1,107.75,0,Perdus 💤
1220,13581.0,309,2,280.53000000000003,0,Perdus 💤
1221,13582.0,390,2,241.68,0,Perdus 💤
1222,13583.0,156,2,1445.031,4,À Risque ⚠️
1223,13584.0,307,3,385.7,0,Perdus 💤
1224,13585.0,531,3,684.54,0,Perdus 💤
1225,13586.0,541,1,127.28,0,Perdus 💤
1226,13587.0,64,4,1673.5,4,À Risque ⚠️
1227,13588.0,16,9,2478.95,4,À Risque ⚠️
1228,13589.0,15,6,1120.74,4,À Risque ⚠️
1229,13590.0,11,18,6336.04,1,Prometteurs 🌱
1230,13591.0,65,7,2093.94,4,À Risque ⚠️
1231,13592.0,36,4,247.95999999999998,4,À Risque ⚠️
1232,13593.0,108,14,5493.29,4,À Risque ⚠️
1233,13594.0,53,2,533.32,4,À Risque ⚠️
1234,13595.0,517,3,784.48,0,Perdus 💤
1235,13596.0,6,2,664.11,4,À Risque ⚠️
1236,13597.0,400,2,396.71,0,Perdus 💤
1237,13598.0,47,5,761.96,4,À Risque ⚠️
1238,13599.0,1,33,9811.04,1,Prometteurs 🌱
1239,13600.0,312,2,518.42,0,Perdus 💤
1240,13601.0,45,4,1159.99,4,À Risque ⚠️
1241,13602.0,65,4,1025.17,4,À Risque ⚠️
1242,13603.0,26,1,164.34,4,À Risque ⚠️
1243,13604.0,659,1,717.62,0,Perdus 💤
1244,13605.0,387,2,522.67,0,Perdus 💤
1245,13606.0,29,3,276.75,4,À Risque ⚠️
1246,13607.0,40,2,1075.81,4,À Risque ⚠️
1247,13608.0,541,1,232.05,0,Perdus 💤
1248,13609.0,593,1,167.35,0,Perdus 💤
1249,13610.0,12,14,2103.71,4,À Risque ⚠️
1250,13611.0,89,10,3297.9300000000003,4,À Risque ⚠️
1251,13612.0,633,1,818.29,0,Perdus 💤
1252,13613.0,453,5,1039.8500000000001,0,Perdus 💤
1253,13614.0,24,6,2332.74,4,À Risque ⚠️
1254,13615.0,319,8,6272.53,0,Perdus 💤
1255,13616.0,568,2,283.85,0,Perdus 💤
1256,13617.0,40,8,1278.75,4,À Risque ⚠️
1257,13618.0,174,1,177.34,4,À Risque ⚠️
1258,13619.0,545,2,224.94,0,Perdus 💤
1259,13620.0,528,1,112.34,0,Perdus 💤
1260,13621.0,117,1,213.85,4,À Risque ⚠️
1261,13622.0,696,1,658.95,0,Perdus 💤
1262,13623.0,31,10,2533.06,4,À Risque ⚠️
1263,13624.0,388,1,462.08,0,Perdus 💤
1264,13625.0,597,1,301.26,0,Perdus 💤
1265,13626.0,253,2,707.04,4,À Risque ⚠️
1266,13627.0,59,7,2245.9,4,À Risque ⚠️
1267,13628.0,676,1,310.14,0,Perdus 💤
1268,13629.0,23,19,13370.86,1,Prometteurs 🌱
1269,13630.0,5,7,2031.78,4,À Risque ⚠️
1270,13631.0,100,11,3070.42,4,À Risque ⚠️
1271,13632.0,25,8,3645.81,4,À Risque ⚠️
1272,13634.0,33,16,5033.77,4,À Risque ⚠️
1273,13635.0,68,4,2999.16,4,À Risque ⚠️
1274,13636.0,37,5,949.12,4,À Risque ⚠️
1275,13637.0,52,3,804.3,4,À Risque ⚠️
1276,13638.0,16,1,122.64,4,À Risque ⚠️
1277,13639.0,74,2,1346.27,4,À Risque ⚠️
1278,13640.0,611,1,405.0,0,Perdus 💤
1279,13641.0,641,5,1016.47,0,Perdus 💤
1280,13642.0,216,4,472.2,4,À Risque ⚠️
1281,13643.0,31,10,2156.77,4,À Risque ⚠️
1282,13644.0,16,4,2624.26,4,À Risque ⚠️
1283,13645.0,120,1,252.1,4,À Risque ⚠️
1284,13646.0,400,2,326.25,0,Perdus 💤
1285,13647.0,10,8,3041.68,4,À Risque ⚠️
1286,13648.0,400,8,1764.02,0,Perdus 💤
1287,13649.0,257,6,1453.68,4,À Risque ⚠️
1288,13650.0,17,10,3288.0,4,À Risque ⚠️
1289,13651.0,35,3,226.85,4,À Risque ⚠️
1290,13652.0,46,5,2262.05,4,À Risque ⚠️
1291,13653.0,488,1,152.2,0,Perdus 💤
1292,13654.0,43,11,6308.0,4,À Risque ⚠️
1293,13655.0,114,6,2280.51,4,À Risque ⚠️
1294,13656.0,165,4,1078.85,4,À Risque ⚠️
1295,13657.0,11,2,382.14,4,À Risque ⚠️
1296,13658.0,10,9,6025.5,4,À Risque ⚠️
1297,13659.0,206,12,4884.68,4,À Risque ⚠️
1298,13660.0,400,1,306.64,0,Perdus 💤
1299,13661.0,603,1,325.24,0,Perdus 💤
1300,13662.0,86,11,2233.61,4,À Risque ⚠️
1301,13663.0,179,5,2047.51,4,À Risque ⚠️
1302,13665.0,386,3,1711.6599999999999,0,Perdus 💤
1303,13666.0,60,5,127.89999999999999,4,À Risque ⚠️
1304,13667.0,149,1,299.05,4,À Risque ⚠️
1305,13668.0,3,35,12948.48,1,Prometteurs 🌱
1306,13669.0,51,3,413.55,4,À Risque ⚠️
1307,13670.0,75,1,349.7,4,À Risque ⚠️
1308,13671.0,395,1,172.6,0,Perdus 💤
1309,13672.0,301,3,419.92,0,Perdus 💤
1310,13673.0,19,2,387.44,4,À Risque ⚠️
1311,13674.0,433,1,240.68,0,Perdus 💤
1312,13675.0,151,2,486.82000000000005,4,À Risque ⚠️
1313,13676.0,539,2,243.9,0,Perdus 💤
1314,13677.0,405,2,551.24,0,Perdus 💤
1315,13678.0,152,1,232.6,4,À Risque ⚠️
1316,13679.0,494,3,281.26,0,Perdus 💤
1317,13680.0,1,12,11419.67,4,À Risque ⚠️
1318,13681.0,18,4,827.83,4,À Risque ⚠️
1319,13682.0,187,1,59.5,4,À Risque ⚠️
1320,13683.0,458,1,258.6,0,Perdus 💤
1321,13684.0,286,4,594.88,0,Perdus 💤
1322,13685.0,3,7,3119.44,4,À Risque ⚠️
1323,13686.0,183,3,409.04,4,À Risque ⚠️
1324,13687.0,438,1,11880.84,0,Perdus 💤
1325,13688.0,635,1,375.5,0,Perdus 💤
1326,13689.0,63,2,1259.5,4,À Risque ⚠️
1327,13690.0,59,1,172.25,4,À Risque ⚠️
1328,13691.0,396,1,212.78,0,Perdus 💤
1329,13692.0,25,5,3114.4,4,À Risque ⚠️
1330,13693.0,374,9,2011.82,0,Perdus 💤
1331,13694.0,4,143,195640.69,2,Loyal Customers 🥈
1332,13695.0,31,16,2770.73,4,À Risque ⚠️
1333,13696.0,422,3,2020.4,0,Perdus 💤
1334,13697.0,39,1,151.29999999999998,4,À Risque ⚠️
1335,13698.0,597,2,451.73,0,Perdus 💤
1336,13699.0,155,2,764.15,4,À Risque ⚠️
1337,13700.0,26,13,2596.9700000000003,4,À Risque ⚠️
1338,13701.0,447,1,161.0,0,Perdus 💤
1339,13702.0,446,1,135.18,0,Perdus 💤
1340,13703.0,318,2,425.56,0,Perdus 💤
1341,13704.0,5,9,2308.06,4,À Risque ⚠️
1342,13705.0,8,7,1717.19,4,À Risque ⚠️
1343,13706.0,303,2,631.17,0,Perdus 💤
1344,13707.0,267,5,3365.86,4,À Risque ⚠️
1345,13708.0,271,1,285.33,0,Perdus 💤
1346,13709.0,4,18,7571.35,1,Prometteurs 🌱
1347,13710.0,32,3,509.52,4,À Risque ⚠️
1348,13711.0,219,9,1792.26,4,À Risque ⚠️
1349,13712.0,247,2,766.42,4,À Risque ⚠️
1350,13713.0,408,3,740.76,0,Perdus 💤
1351,13714.0,465,1,161.35,0,Perdus 💤
1352,13715.0,281,17,8153.04,4,À Risque ⚠️
1353,13716.0,269,1,138.28,0,Perdus 💤
1354,13717.0,32,8,1763.3,4,À Risque ⚠️
1355,13718.0,246,2,306.55,4,À Risque ⚠️
1356,13719.0,15,11,2783.08,4,À Risque ⚠️
1357,13720.0,117,4,799.9,4,À Risque ⚠️
1358,13721.0,36,2,741.54,4,À Risque ⚠️
1359,13722.0,132,10,5635.41,4,À Risque ⚠️
1360,13723.0,217,6,1194.08,4,À Risque ⚠️
1361,13724.0,637,1,213.01,0,Perdus 💤
1362,13725.0,50,8,1980.56,4,À Risque ⚠️
1363,13726.0,39,2,1079.6599999999999,4,À Risque ⚠️
1364,13727.0,29,8,1074.15,4,À Risque ⚠️
1365,13728.0,37,16,2855.17,4,À Risque ⚠️
1366,13729.0,436,3,724.73,0,Perdus 💤
1367,13730.0,136,2,752.6,4,À Risque ⚠️
1368,13731.0,219,2,610.59,4,À Risque ⚠️
1369,13732.0,28,1,491.86,4,À Risque ⚠️
1370,13733.0,411,2,487.03000000000003,0,Perdus 💤
1371,13734.0,509,4,6695.6900000000005,0,Perdus 💤
1372,13735.0,25,13,9762.77,4,À Risque ⚠️
1373,13736.0,5,7,2752.47,4,À Risque ⚠️
1374,13737.0,200,1,339.59999999999997,4,À Risque ⚠️
1375,13738.0,396,1,434.78000000000003,0,Perdus 💤
1376,13739.0,18,2,292.2,4,À Risque ⚠️
1377,13740.0,241,5,1582.77,4,À Risque ⚠️
1378,13741.0,72,3,668.4300000000001,4,À Risque ⚠️
1379,13742.0,17,12,3107.87,4,À Risque ⚠️
1380,13743.0,3,7,1341.6,4,À Risque ⚠️
1381,13744.0,95,2,1080.52,4,À Risque ⚠️
1382,13745.0,162,2,777.36,4,À Risque ⚠️
1383,13746.0,414,1,176.69,0,Perdus 💤
1384,13747.0,374,2,169.79999999999998,0,Perdus 💤
1385,13748.0,96,9,2064.35,4,À Risque ⚠️
1386,13750.0,54,11,3602.1800000000003,4,À Risque ⚠️
1387,13751.0,288,1,296.25,0,Perdus 💤
1388,13752.0,124,7,1579.8300000000002,4,À Risque ⚠️
1389,13753.0,288,4,2094.57,0,Perdus 💤
1390,13754.0,152,3,447.05,4,À Risque ⚠️
1391,13755.0,4,9,2108.06,4,À Risque ⚠️
1392,13756.0,2,23,8655.95,1,Prometteurs 🌱
1393,13757.0,675,1,195.55,0,Perdus 💤
1394,13758.0,12,15,8698.13,4,À Risque ⚠️
1395,13759.0,33,2,659.4100000000001,4,À Risque ⚠️
1396,13760.0,54,5,1363.6399999999999,4,À Risque ⚠️
1397,13761.0,50,6,1952.17,4,À Risque ⚠️
1398,13762.0,219,5,2472.48,4,À Risque ⚠️
1399,13763.0,63,3,5217.4400000000005,4,À Risque ⚠️
1400,13764.0,71,6,2919.62,4,À Risque ⚠️
1401,13765.0,653,1,352.821,0,Perdus 💤
1402,13766.0,495,1,190.35,0,Perdus 💤
1403,13767.0,2,73,33903.57,1,Prometteurs 🌱
1404,13768.0,727,2,875.97,0,Perdus 💤
1405,13769.0,2,20,5478.12,1,Prometteurs 🌱
1406,13770.0,422,4,785.37,0,Perdus 💤
1407,13771.0,64,9,5728.82,4,À Risque ⚠️
1408,13772.0,34,8,3100.02,4,À Risque ⚠️
1409,13773.0,397,2,301.54,0,Perdus 💤
1410,13774.0,82,1,345.0,4,À Risque ⚠️
1411,13775.0,591,1,1049.66,0,Perdus 💤
1412,13776.0,428,2,623.98,0,Perdus 💤
1413,13777.0,1,61,49638.26,1,Prometteurs 🌱
1414,13778.0,103,4,1124.49,4,À Risque ⚠️
1415,13779.0,516,1,161.13,0,Perdus 💤
1416,13780.0,7,3,732.07,4,À Risque ⚠️
1417,13781.0,251,3,778.83,4,À Risque ⚠️
1418,13782.0,13,13,1786.08,4,À Risque ⚠️
1419,13783.0,488,4,1542.09,0,Perdus 💤
1420,13784.0,10,14,2910.23,4,À Risque ⚠️
1421,13785.0,429,4,542.49,0,Perdus 💤
1422,13786.0,367,6,3127.99,0,Perdus 💤
1423,13787.0,76,6,1222.5,4,À Risque ⚠️
1424,13788.0,505,1,3.75,0,Perdus 💤
1425,13789.0,388,1,239.45999999999998,0,Perdus 💤
1426,13790.0,4,1,348.8,4,À Risque ⚠️
1427,13791.0,128,2,1516.0,4,À Risque ⚠️
1428,13792.0,66,3,383.95,4,À Risque ⚠️
1429,13793.0,647,1,96.0,0,Perdus 💤
1430,13794.0,547,1,126.03,0,Perdus 💤
1431,13795.0,388,4,836.3,0,Perdus 💤
1432,13796.0,499,1,289.7,0,Perdus 💤
1433,13797.0,437,3,1179.45,0,Perdus 💤
1434,13798.0,1,110,75428.87,2,Loyal Customers 🥈
1435,13799.0,117,9,2803.57,4,À Risque ⚠️
1436,13800.0,310,3,1679.56,0,Perdus 💤
1437,13801.0,67,1,324.8,4,À Risque ⚠️
1438,13802.0,139,19,26259.11,1,Prometteurs 🌱
1439,13803.0,255,3,1338.91,4,À Risque ⚠️
1440,13804.0,31,9,3161.12,4,À Risque ⚠️
1441,13805.0,52,2,924.6,4,À Risque ⚠️
1442,13806.0,64,1,256.38,4,À Risque ⚠️
1443,13807.0,367,3,422.2,0,Perdus 💤
1444,13808.0,6,5,1747.66,4,À Risque ⚠️
1445,13809.0,305,3,679.7,0,Perdus 💤
1446,13810.0,29,3,1499.01,4,À Risque ⚠️
1447,13811.0,184,3,814.5,4,À Risque ⚠️
1448,13812.0,42,3,539.0,4,À Risque ⚠️
1449,13813.0,40,8,2765.47,4,À Risque ⚠️
1450,13814.0,92,3,2257.32,4,À Risque ⚠️
1451,13815.0,22,8,7475.74,4,À Risque ⚠️
1452,13816.0,24,2,571.6700000000001,4,À Risque ⚠️
1453,13817.0,29,2,382.98,4,À Risque ⚠️
1454,13818.0,430,1,61.28,0,Perdus 💤
1455,13819.0,302,6,2642.35,0,Perdus 💤
1456,13820.0,418,3,652.75,0,Perdus 💤
1457,13821.0,145,6,1379.08,4,À Risque ⚠️
1458,13822.0,6,2,632.0,4,À Risque ⚠️
1459,13823.0,19,7,3403.4500000000003,4,À Risque ⚠️
1460,13824.0,33,12,3314.76,4,À Risque ⚠️
1461,13825.0,622,2,255.59,0,Perdus 💤
1462,13826.0,176,1,189.5,4,À Risque ⚠️
1463,13827.0,58,3,409.8,4,À Risque ⚠️
1464,13828.0,22,1,209.49,4,À Risque ⚠️
1465,13829.0,421,1,102.0,0,Perdus 💤
1466,13830.0,582,1,156.85000000000002,0,Perdus 💤
1467,13831.0,16,18,6585.54,1,Prometteurs 🌱
1468,13832.0,19,2,609.89,4,À Risque ⚠️
1469,13833.0,159,2,700.41,4,À Risque ⚠️
1470,13834.0,577,2,324.19,0,Perdus 💤
1471,13835.0,25,7,1095.27,4,À Risque ⚠️
1472,13836.0,399,2,620.37,0,Perdus 💤
1473,13837.0,212,2,266.59000000000003,4,À Risque ⚠️
1474,13838.0,6,10,1690.07,4,À Risque ⚠️
1475,13839.0,486,1,139.95000000000002,0,Perdus 💤
1476,13840.0,416,1,651.4,0,Perdus 💤
1477,13841.0,253,1,85.0,4,À Risque ⚠️
1478,13842.0,59,18,5319.34,1,Prometteurs 🌱
1479,13843.0,381,1,319.75,0,Perdus 💤
1480,13844.0,11,1,361.62,4,À Risque ⚠️
1481,13845.0,65,1,312.98,4,À Risque ⚠️
1482,13846.0,25,4,1307.79,4,À Risque ⚠️
1483,13847.0,720,1,310.72,0,Perdus 💤
1484,13848.0,92,8,3015.0,4,À Risque ⚠️
1485,13849.0,52,5,3469.3,4,À Risque ⚠️
1486,13850.0,129,1,1595.48,4,À Risque ⚠️
1487,13851.0,96,8,4606.46,4,À Risque ⚠️
1488,13852.0,611,1,187.35000000000002,0,Perdus 💤
1489,13853.0,57,1,1090.14,4,À Risque ⚠️
1490,13854.0,9,39,11944.56,1,Prometteurs 🌱
1491,13855.0,501,4,1310.3400000000001,0,Perdus 💤
1492,13856.0,169,11,1142.03,4,À Risque ⚠️
1493,13857.0,393,6,1001.01,0,Perdus 💤
1494,13858.0,57,1,216.17,4,À Risque ⚠️
1495,13859.0,326,2,515.86,0,Perdus 💤
1496,13860.0,1,5,1245.9,4,À Risque ⚠️
1497,13861.0,429,2,273.26,0,Perdus 💤
1498,13862.0,18,9,2556.09,4,À Risque ⚠️
1499,13863.0,248,4,1239.55,4,À Risque ⚠️
1500,13864.0,387,1,662.4000000000001,0,Perdus 💤
1501,13865.0,58,4,501.56,4,À Risque ⚠️
1502,13866.0,74,1,145.67000000000002,4,À Risque ⚠️
1503,13867.0,31,3,1005.09,4,À Risque ⚠️
1504,13868.0,7,2,3192.54,4,À Risque ⚠️
1505,13869.0,123,10,7996.87,4,À Risque ⚠️
1506,13870.0,2,15,5712.08,4,À Risque ⚠️
1507,13871.0,23,17,7885.85,1,Prometteurs 🌱
1508,13872.0,527,3,919.57,0,Perdus 💤
1509,13873.0,120,8,1038.92,4,À Risque ⚠️
1510,13874.0,358,7,2049.15,0,Perdus 💤
1511,13875.0,54,14,4814.37,4,À Risque ⚠️
1512,13876.0,64,1,122.7,4,À Risque ⚠️
1513,13877.0,86,3,449.68,4,À Risque ⚠️
1514,13878.0,55,4,2416.9,4,À Risque ⚠️
1515,13879.0,646,1,395.5,0,Perdus 💤
1516,13880.0,21,17,4293.86,4,À Risque ⚠️
1517,13881.0,4,43,45179.1,1,Prometteurs 🌱
1518,13882.0,3,5,1191.13,4,À Risque ⚠️
1519,13883.0,11,15,6560.02,4,À Risque ⚠️
1520,13884.0,7,10,1825.03,4,À Risque ⚠️
1521,13885.0,189,2,506.8,4,À Risque ⚠️
1522,13886.0,71,1,243.56,4,À Risque ⚠️
1523,13887.0,204,1,349.55,4,À Risque ⚠️
1524,13888.0,120,7,2001.59,4,À Risque ⚠️
1525,13889.0,93,6,1991.23,4,À Risque ⚠️
1526,13890.0,1,14,2927.38,4,À Risque ⚠️
1527,13891.0,378,3,859.21,0,Perdus 💤
1528,13892.0,27,6,1267.6499999999999,4,À Risque ⚠️
1529,13893.0,298,1,821.1,0,Perdus 💤
1530,13894.0,24,3,564.62,4,À Risque ⚠️
1531,13895.0,28,6,4008.52,4,À Risque ⚠️
1532,13896.0,626,1,388.55,0,Perdus 💤
1533,13897.0,50,3,1160.72,4,À Risque ⚠️
1534,13898.0,326,2,686.4,0,Perdus 💤
1535,13899.0,16,2,388.52,4,À Risque ⚠️
1536,13900.0,183,6,1610.59,4,À Risque ⚠️
1537,13901.0,72,15,5676.34,4,À Risque ⚠️
1538,13902.0,632,5,34095.26,0,Perdus 💤
1539,13903.0,400,1,165.45000000000002,0,Perdus 💤
1540,13904.0,37,2,332.64,4,À Risque ⚠️
1541,13905.0,733,1,312.65,0,Perdus 💤
1542,13906.0,409,1,42.0,0,Perdus 💤
1543,13907.0,692,1,136.8,0,Perdus 💤
1544,13908.0,80,4,2369.55,4,À Risque ⚠️
1545,13909.0,423,2,282.85,0,Perdus 💤
1546,13911.0,57,20,4234.99,1,Prometteurs 🌱
1547,13912.0,424,1,124.95,0,Perdus 💤
1548,13913.0,507,1,42.22,0,Perdus 💤
1549,13914.0,12,2,626.45,4,À Risque ⚠️
1550,13915.0,394,1,70.80000000000001,0,Perdus 💤
1551,13916.0,464,4,1275.81,0,Perdus 💤
1552,13917.0,50,2,272.04,4,À Risque ⚠️
1553,13918.0,50,2,1212.8400000000001,4,À Risque ⚠️
1554,13919.0,59,4,1360.68,4,À Risque ⚠️
1555,13920.0,432,4,1774.68,0,Perdus 💤
1556,13921.0,402,4,730.7,0,Perdus 💤
1557,13922.0,352,3,865.2,0,Perdus 💤
1558,13923.0,54,1,351.13,4,À Risque ⚠️
1559,13924.0,2,6,1838.8500000000001,4,À Risque ⚠️
1560,13925.0,93,4,678.25,4,À Risque ⚠️
1561,13926.0,23,1,223.85000000000002,4,À Risque ⚠️
1562,13927.0,75,2,708.26,4,À Risque ⚠️
1563,13928.0,11,4,464.57,4,À Risque ⚠️
1564,13929.0,169,11,3494.1,4,À Risque ⚠️
1565,13930.0,58,2,337.34,4,À Risque ⚠️
1566,13931.0,96,11,5257.38,4,À Risque ⚠️
1567,13932.0,295,1,307.4,0,Perdus 💤
1568,13933.0,109,2,608.7900000000001,4,À Risque ⚠️
1569,13934.0,264,1,922.1,4,À Risque ⚠️
1570,13935.0,597,3,6116.92,0,Perdus 💤
1571,13936.0,180,3,939.66,4,À Risque ⚠️
1572,13937.0,169,2,880.13,4,À Risque ⚠️
1573,13938.0,35,1,71.66,4,À Risque ⚠️
1574,13939.0,23,7,1560.96,4,À Risque ⚠️
1575,13940.0,17,4,839.14,4,À Risque ⚠️
1576,13941.0,22,15,10027.18,4,À Risque ⚠️
1577,13942.0,535,1,320.0,0,Perdus 💤
1578,13943.0,578,1,246.54,0,Perdus 💤
1579,13944.0,653,1,200.43,0,Perdus 💤
1580,13945.0,395,2,854.15,0,Perdus 💤
1581,13946.0,79,6,1876.23,4,À Risque ⚠️
1582,13947.0,65,1,90.6,4,À Risque ⚠️
1583,13948.0,361,4,548.76,0,Perdus 💤
1584,13949.0,3,6,2427.32,4,À Risque ⚠️
1585,13950.0,11,4,745.06,4,À Risque ⚠️
1586,13951.0,176,3,674.45,4,À Risque ⚠️
1587,13952.0,218,14,12823.521,4,À Risque ⚠️
1588,13953.0,7,12,6640.68,4,À Risque ⚠️
1589,13954.0,2,2,439.92,4,À Risque ⚠️
1590,13955.0,154,3,544.0699999999999,4,À Risque ⚠️
1591,13956.0,5,5,1019.27,4,À Risque ⚠️
1592,13957.0,418,3,458.25,0,Perdus 💤
1593,13958.0,380,8,4709.2300000000005,0,Perdus 💤
1594,13959.0,79,6,1064.77,4,À Risque ⚠️
1595,13960.0,21,2,230.22,4,À Risque ⚠️
1596,13961.0,392,1,538.4,0,Perdus 💤
1597,13962.0,22,3,362.8,4,À Risque ⚠️
1598,13963.0,308,17,2860.57,0,Perdus 💤
1599,13964.0,387,2,438.9,0,Perdus 💤
1600,13965.0,477,3,996.61,0,Perdus 💤
1601,13966.0,435,1,384.26,0,Perdus 💤
1602,13967.0,146,2,166.3,4,À Risque ⚠️
1603,13968.0,423,1,123.66,0,Perdus 💤
1604,13969.0,7,35,12973.460000000001,1,Prometteurs 🌱
1605,13970.0,386,2,846.55,0,Perdus 💤
1606,13971.0,19,14,4667.57,4,À Risque ⚠️
1607,13972.0,71,2,190.25,4,À Risque ⚠️
1608,13973.0,287,1,264.7,0,Perdus 💤
1609,13974.0,49,2,677.72,4,À Risque ⚠️
1610,13975.0,31,12,5256.4,4,À Risque ⚠️
1611,13976.0,207,4,1192.36,4,À Risque ⚠️
1612,13977.0,411,1,519.8100000000001,0,Perdus 💤
1613,13978.0,15,2,196.79000000000002,4,À Risque ⚠️
1614,13979.0,73,7,3379.93,4,À Risque ⚠️
1615,13980.0,60,5,768.82,4,À Risque ⚠️
1616,13981.0,416,1,331.14,0,Perdus 💤
1617,13982.0,39,9,3954.29,4,À Risque ⚠️
1618,13983.0,30,21,6753.89,1,Prometteurs 🌱
1619,13984.0,27,12,1893.8,4,À Risque ⚠️
1620,13985.0,4,22,10020.86,1,Prometteurs 🌱
1621,13986.0,17,1,320.46,4,À Risque ⚠️
1622,13987.0,380,2,682.54,0,Perdus 💤
1623,13988.0,20,8,4757.8,4,À Risque ⚠️
1624,13989.0,66,5,2026.06,4,À Risque ⚠️
1625,13990.0,213,1,311.3,4,À Risque ⚠️
1626,13991.0,12,6,852.88,4,À Risque ⚠️
1627,13992.0,30,3,219.5,4,À Risque ⚠️
1628,13993.0,43,19,6775.71,1,Prometteurs 🌱
1629,13994.0,4,6,2274.14,4,À Risque ⚠️
1630,13995.0,15,14,3902.01,4,À Risque ⚠️
1631,13996.0,386,2,895.76,0,Perdus 💤
1632,13997.0,519,3,376.46,0,Perdus 💤
1633,13998.0,447,3,566.7,0,Perdus 💤
1634,13999.0,10,29,9502.26,1,Prometteurs 🌱
1635,14000.0,211,5,2046.3400000000001,4,À Risque ⚠️
1636,14001.0,46,9,4228.85,4,À Risque ⚠️
1637,14002.0,134,2,529.73,4,À Risque ⚠️
1638,14003.0,733,1,209.41,0,Perdus 💤
1639,14004.0,43,11,6258.45,4,À Risque ⚠️
1640,14005.0,10,5,2874.72,4,À Risque ⚠️
1641,14006.0,116,7,2196.67,4,À Risque ⚠️
1642,14007.0,513,1,79.48,0,Perdus 💤
1643,14008.0,432,1,509.04,0,Perdus 💤
1644,14009.0,198,3,1099.91,4,À Risque ⚠️
1645,14010.0,565,2,445.15,0,Perdus 💤
1646,14011.0,480,2,457.82,0,Perdus 💤
1647,14012.0,278,1,328.8,0,Perdus 💤
1648,14013.0,110,5,1084.57,4,À Risque ⚠️
1649,14014.0,77,3,1948.21,4,À Risque ⚠️
1650,14015.0,53,1,917.34,4,À Risque ⚠️
1651,14016.0,162,11,11403.41,4,À Risque ⚠️
1652,14017.0,571,1,229.75,0,Perdus 💤
1653,14018.0,645,1,367.15000000000003,0,Perdus 💤
1654,14019.0,47,3,1421.61,4,À Risque ⚠️
1655,14020.0,17,4,1249.01,4,À Risque ⚠️
1656,14021.0,155,7,1716.58,4,À Risque ⚠️
1657,14022.0,225,2,792.15,4,À Risque ⚠️
1658,14023.0,7,2,584.07,4,À Risque ⚠️
1659,14024.0,122,3,645.74,4,À Risque ⚠️
1660,14025.0,465,8,4057.9,0,Perdus 💤
1661,14026.0,471,2,713.11,0,Perdus 💤
1662,14027.0,61,1,104.82,4,À Risque ⚠️
1663,14028.0,550,3,10396.5,0,Perdus 💤
1664,14029.0,63,2,467.66,4,À Risque ⚠️
1665,14030.0,18,20,7521.8,1,Prometteurs 🌱
1666,14031.0,7,44,39019.51,1,Prometteurs 🌱
1667,14032.0,2,16,4546.41,4,À Risque ⚠️
1668,14033.0,555,1,109.44,0,Perdus 💤
1669,14034.0,22,3,648.89,4,À Risque ⚠️
1670,14035.0,29,9,2794.75,4,À Risque ⚠️
1671,14036.0,285,1,626.65,0,Perdus 💤
1672,14037.0,176,6,836.95,4,À Risque ⚠️
1673,14038.0,78,5,3069.88,4,À Risque ⚠️
1674,14039.0,33,2,267.28000000000003,4,À Risque ⚠️
1675,14040.0,41,35,12523.81,1,Prometteurs 🌱
1676,14041.0,266,1,141.41,4,À Risque ⚠️
1677,14042.0,725,1,431.98,0,Perdus 💤
1678,14043.0,491,2,302.6,0,Perdus 💤
1679,14044.0,27,10,3077.7,4,À Risque ⚠️
1680,14045.0,109,16,10986.63,1,Prometteurs 🌱
1681,14046.0,284,1,154.99,0,Perdus 💤
1682,14047.0,9,14,3968.11,4,À Risque ⚠️
1683,14048.0,305,3,748.69,0,Perdus 💤
1684,14049.0,17,13,13023.4,4,À Risque ⚠️
1685,14050.0,32,2,746.36,4,À Risque ⚠️
1686,14051.0,1,37,21770.98,1,Prometteurs 🌱
1687,14052.0,20,2,466.66,4,À Risque ⚠️
1688,14053.0,124,4,572.3,4,À Risque ⚠️
1689,14054.0,65,1,92.46,4,À Risque ⚠️
1690,14055.0,106,3,1520.96,4,À Risque ⚠️
1691,14056.0,1,23,8152.71,1,Prometteurs 🌱
1692,14057.0,24,22,8346.66,1,Prometteurs 🌱
1693,14058.0,463,2,469.19,0,Perdus 💤
1694,14059.0,267,1,183.6,4,À Risque ⚠️
1695,14060.0,5,30,8898.24,1,Prometteurs 🌱
1696,14061.0,507,3,917.4300000000001,0,Perdus 💤
1697,14062.0,10,24,25585.65,1,Prometteurs 🌱
1698,14063.0,438,9,22710.2,0,Perdus 💤
1699,14064.0,29,15,3260.24,4,À Risque ⚠️
1700,14065.0,389,3,891.02,0,Perdus 💤
1701,14066.0,267,1,152.55,4,À Risque ⚠️
1702,14067.0,64,2,374.7,4,À Risque ⚠️
1703,14068.0,320,4,1516.72,0,Perdus 💤
1704,14069.0,515,2,225.81,0,Perdus 💤
1705,14070.0,685,1,321.6,0,Perdus 💤
1706,14071.0,4,8,1437.57,4,À Risque ⚠️
1707,14072.0,667,1,390.85,0,Perdus 💤
1708,14073.0,32,1,151.04,4,À Risque ⚠️
1709,14074.0,623,1,219.39999999999998,0,Perdus 💤
1710,14075.0,5,6,1734.87,4,À Risque ⚠️
1711,14076.0,129,1,118.67,4,À Risque ⚠️
1712,14077.0,41,6,615.0799999999999,4,À Risque ⚠️
1713,14078.0,102,9,1553.47,4,À Risque ⚠️
1714,14079.0,125,2,618.73,4,À Risque ⚠️
1715,14080.0,33,5,1115.68,4,À Risque ⚠️
1716,14081.0,302,10,4867.57,0,Perdus 💤
1717,14082.0,365,2,413.36,0,Perdus 💤
1718,14083.0,4,11,1082.19,4,À Risque ⚠️
1719,14084.0,512,1,150.5,0,Perdus 💤
1720,14085.0,2,33,9720.67,1,Prometteurs 🌱
1721,14086.0,463,1,39.95,0,Perdus 💤
1722,14087.0,3,3,829.47,4,À Risque ⚠️
1723,14088.0,10,16,64036.8,1,Prometteurs 🌱
1724,14089.0,57,1,158.75,4,À Risque ⚠️
1725,14090.0,325,1,76.32000000000001,0,Perdus 💤
1726,14091.0,654,2,9530.08,0,Perdus 💤
1727,14092.0,8,24,7229.45,1,Prometteurs 🌱
1728,14093.0,12,1,433.86,4,À Risque ⚠️
1729,14094.0,440,1,311.77,0,Perdus 💤
1730,14095.0,723,1,2.95,0,Perdus 💤
1731,14096.0,4,17,65164.79,1,Prometteurs 🌱
1732,14097.0,481,2,422.85999999999996,0,Perdus 💤
1733,14098.0,37,1,147.35,4,À Risque ⚠️
1734,14099.0,16,20,5750.91,1,Prometteurs 🌱
1735,14100.0,138,1,191.95000000000002,4,À Risque ⚠️
1736,14101.0,74,13,9961.93,4,À Risque ⚠️
1737,14102.0,5,5,1105.8799999999999,4,À Risque ⚠️
1738,14104.0,155,5,743.53,4,À Risque ⚠️
1739,14105.0,239,5,5988.83,4,À Risque ⚠️
1740,14106.0,737,1,214.79999999999998,0,Perdus 💤
1741,14107.0,52,11,4877.3,4,À Risque ⚠️
1742,14108.0,31,4,1044.96,4,À Risque ⚠️
1743,14109.0,73,1,144.2,4,À Risque ⚠️
1744,14110.0,4,33,12987.95,1,Prometteurs 🌱
1745,14111.0,14,4,692.85,4,À Risque ⚠️
1746,14112.0,23,13,5834.59,4,À Risque ⚠️
1747,14113.0,4,16,7092.610000000001,4,À Risque ⚠️
1748,14114.0,274,7,1364.09,4,À Risque ⚠️
1749,14115.0,502,2,622.6700000000001,0,Perdus 💤
1750,14116.0,20,5,1382.74,4,À Risque ⚠️
1751,14117.0,144,1,90.0,4,À Risque ⚠️
1752,14118.0,429,1,458.45,0,Perdus 💤
1753,14119.0,376,2,183.37,0,Perdus 💤
1754,14121.0,4,4,2780.15,4,À Risque ⚠️
1755,14122.0,406,3,362.42,0,Perdus 💤
1756,14123.0,733,1,436.18,0,Perdus 💤
1757,14124.0,84,1,419.58000000000004,4,À Risque ⚠️
1758,14125.0,11,3,2720.63,4,À Risque ⚠️
1759,14126.0,8,4,1172.46,4,À Risque ⚠️
1760,14127.0,123,6,1900.0800000000002,4,À Risque ⚠️
1761,14128.0,61,3,924.21,4,À Risque ⚠️
1762,14129.0,2,9,2591.34,4,À Risque ⚠️
1763,14130.0,319,4,1858.77,0,Perdus 💤
1764,14131.0,649,1,168.22,0,Perdus 💤
1765,14132.0,2,11,3586.0299999999997,4,À Risque ⚠️
1766,14133.0,130,4,911.14,4,À Risque ⚠️
1767,14134.0,383,15,11123.35,0,Perdus 💤
1768,14135.0,2,24,8839.67,1,Prometteurs 🌱
1769,14136.0,401,5,1570.81,0,Perdus 💤
1770,14137.0,696,1,332.7,0,Perdus 💤
1771,14138.0,2,2,965.8800000000001,4,À Risque ⚠️
1772,14139.0,46,4,1086.8,4,À Risque ⚠️
1773,14140.0,4,2,935.05,4,À Risque ⚠️
1774,14141.0,3,4,915.13,4,À Risque ⚠️
1775,14142.0,373,2,671.34,0,Perdus 💤
1776,14143.0,134,1,115.8,4,À Risque ⚠️
1777,14144.0,486,1,30.599999999999998,0,Perdus 💤
1778,14145.0,47,7,7600.05,4,À Risque ⚠️
1779,14146.0,9,12,9450.3,4,À Risque ⚠️
1780,14147.0,78,9,2590.2,4,À Risque ⚠️
1781,14148.0,234,2,466.29,4,À Risque ⚠️
1782,14149.0,221,1,446.62,4,À Risque ⚠️
1783,14150.0,36,2,658.64,4,À Risque ⚠️
1784,14151.0,673,2,679.45,0,Perdus 💤
1785,14152.0,75,7,1997.3400000000001,4,À Risque ⚠️
1786,14153.0,483,1,233.4,0,Perdus 💤
1787,14154.0,239,8,6460.7,4,À Risque ⚠️
1788,14155.0,266,1,118.75,4,À Risque ⚠️
1789,14156.0,10,156,313437.62,3,Champions 🏆
1790,14157.0,20,5,978.69,4,À Risque ⚠️
1791,14158.0,40,1,507.66,4,À Risque ⚠️
1792,14159.0,20,20,7860.8,1,Prometteurs 🌱
1793,14160.0,610,7,8421.47,0,Perdus 💤
1794,14161.0,216,7,2996.93,4,À Risque ⚠️
1795,14162.0,174,2,289.36,4,À Risque ⚠️
1796,14163.0,87,5,2594.62,4,À Risque ⚠️
1797,14164.0,71,2,1631.77,4,À Risque ⚠️
1798,14165.0,276,1,120.44,0,Perdus 💤
1799,14166.0,505,2,251.15,0,Perdus 💤
1800,14167.0,39,8,1274.29,4,À Risque ⚠️
1801,14168.0,421,2,370.45,0,Perdus 💤
1802,14169.0,431,2,621.51,0,Perdus 💤
1803,14170.0,375,3,570.18,0,Perdus 💤
1804,14171.0,98,2,498.79,4,À Risque ⚠️
1805,14172.0,605,3,369.02,0,Perdus 💤
1806,14173.0,11,6,586.0,4,À Risque ⚠️
1807,14174.0,33,1,134.46,4,À Risque ⚠️
1808,14175.0,60,8,7678.88,4,À Risque ⚠️
1809,14176.0,297,5,756.46,0,Perdus 💤
1810,14177.0,86,13,2209.69,4,À Risque ⚠️
1811,14178.0,9,7,1600.26,4,À Risque ⚠️
1812,14179.0,41,2,701.57,4,À Risque ⚠️
1813,14180.0,11,33,6117.5,1,Prometteurs 🌱
1814,14181.0,411,2,308.35,0,Perdus 💤
1815,14182.0,444,4,678.77,0,Perdus 💤
1816,14183.0,411,2,278.34000000000003,0,Perdus 💤
1817,14184.0,67,1,452.89,4,À Risque ⚠️
1818,14185.0,331,1,197.65,0,Perdus 💤
1819,14186.0,427,5,1550.63,0,Perdus 💤
1820,14187.0,474,1,123.5,0,Perdus 💤
1821,14188.0,31,6,2054.36,4,À Risque ⚠️
1822,14189.0,2,16,5503.15,4,À Risque ⚠️
1823,14190.0,666,1,79.9,0,Perdus 💤
1824,14191.0,2,15,4817.66,4,À Risque ⚠️
1825,14192.0,388,1,293.74,0,Perdus 💤
1826,14193.0,68,3,1210.19,4,À Risque ⚠️
1827,14194.0,5,36,18670.59,1,Prometteurs 🌱
1828,14195.0,202,6,2615.6,4,À Risque ⚠️
1829,14196.0,107,1,335.52,4,À Risque ⚠️
1830,14197.0,411,1,390.05,0,Perdus 💤
1831,14198.0,18,9,1569.73,4,À Risque ⚠️
1832,14199.0,218,4,1091.7,4,À Risque ⚠️
1833,14200.0,617,1,379.2,0,Perdus 💤
1834,14201.0,60,10,1193.54,4,À Risque ⚠️
1835,14202.0,381,3,847.76,0,Perdus 💤
1836,14203.0,397,1,339.34,0,Perdus 💤
1837,14204.0,2,4,1024.83,4,À Risque ⚠️
1838,14205.0,17,9,2414.2,4,À Risque ⚠️
1839,14206.0,239,3,1185.01,4,À Risque ⚠️
1840,14207.0,688,1,157.8,0,Perdus 💤
1841,14208.0,95,2,567.05,4,À Risque ⚠️
1842,14209.0,11,15,4993.27,4,À Risque ⚠️
1843,14210.0,106,16,5556.570000000001,4,À Risque ⚠️
1844,14211.0,53,18,4402.29,4,À Risque ⚠️
1845,14212.0,90,2,2190.14,4,À Risque ⚠️
1846,14213.0,405,1,1192.2,0,Perdus 💤
1847,14214.0,31,5,1004.38,4,À Risque ⚠️
1848,14215.0,12,9,3250.33,4,À Risque ⚠️
1849,14216.0,3,5,2150.04,4,À Risque ⚠️
1850,14217.0,2,23,3298.59,1,Prometteurs 🌱
1851,14218.0,43,1,169.48000000000002,4,À Risque ⚠️
1852,14219.0,4,3,633.83,4,À Risque ⚠️
1853,14220.0,247,4,1515.0,4,À Risque ⚠️
1854,14221.0,42,17,6517.49,4,À Risque ⚠️
1855,14222.0,177,1,683.17,4,À Risque ⚠️
1856,14223.0,92,3,991.13,4,À Risque ⚠️
1857,14224.0,110,9,1841.71,4,À Risque ⚠️
1858,14225.0,435,4,2031.07,0,Perdus 💤
1859,14226.0,29,6,2985.13,4,À Risque ⚠️
1860,14227.0,26,15,6368.71,4,À Risque ⚠️
1861,14228.0,438,3,745.5,0,Perdus 💤
1862,14229.0,52,7,2594.04,4,À Risque ⚠️
1863,14230.0,436,3,979.8000000000001,0,Perdus 💤
1864,14231.0,184,4,1235.6200000000001,4,À Risque ⚠️
1865,14232.0,43,5,2048.07,4,À Risque ⚠️
1866,14233.0,49,7,2904.27,4,À Risque ⚠️
1867,14234.0,22,4,754.12,4,À Risque ⚠️
1868,14235.0,75,9,4717.99,4,À Risque ⚠️
1869,14236.0,81,5,1555.34,4,À Risque ⚠️
1870,14237.0,373,2,471.14,0,Perdus 💤
1871,14238.0,326,3,434.23,0,Perdus 💤
1872,14239.0,43,21,4263.17,1,Prometteurs 🌱
1873,14240.0,30,3,1247.49,4,À Risque ⚠️
1874,14241.0,184,2,333.70000000000005,4,À Risque ⚠️
1875,14242.0,235,2,280.55,4,À Risque ⚠️
1876,14243.0,9,17,7217.75,1,Prometteurs 🌱
1877,14244.0,661,1,366.41999999999996,0,Perdus 💤
1878,14245.0,220,2,1693.45,4,À Risque ⚠️
1879,14246.0,111,3,1474.06,4,À Risque ⚠️
1880,14247.0,278,5,753.56,0,Perdus 💤
1881,14248.0,318,3,1032.95,0,Perdus 💤
1882,14249.0,411,12,5400.461,0,Perdus 💤
1883,14250.0,7,3,1904.05,4,À Risque ⚠️
1884,14251.0,2,5,2879.7000000000003,4,À Risque ⚠️
1885,14252.0,381,1,350.99,0,Perdus 💤
1886,14253.0,493,2,363.40000000000003,0,Perdus 💤
1887,14254.0,433,1,601.03,0,Perdus 💤
1888,14255.0,546,1,1000.63,0,Perdus 💤
1889,14256.0,260,5,2460.79,4,À Risque ⚠️
1890,14257.0,64,9,5954.45,4,À Risque ⚠️
1891,14258.0,9,25,32051.34,1,Prometteurs 🌱
1892,14259.0,142,1,120.0,4,À Risque ⚠️
1893,14260.0,471,3,824.28,0,Perdus 💤
1894,14261.0,51,2,1163.45,4,À Risque ⚠️
1895,14262.0,8,8,2618.23,4,À Risque ⚠️
1896,14263.0,423,1,322.93,0,Perdus 💤
1897,14264.0,155,6,1517.3600000000001,4,À Risque ⚠️
1898,14265.0,109,4,1373.35,4,À Risque ⚠️
1899,14266.0,428,1,40.56,0,Perdus 💤
1900,14267.0,163,3,1516.24,4,À Risque ⚠️
1901,14268.0,471,1,354.85,0,Perdus 💤
1902,14269.0,439,1,295.73,0,Perdus 💤
1903,14270.0,332,1,492.65000000000003,0,Perdus 💤
1904,14271.0,226,2,214.18,4,À Risque ⚠️
1905,14272.0,74,4,920.81,4,À Risque ⚠️
1906,14273.0,51,4,559.97,4,À Risque ⚠️
1907,14274.0,686,1,256.6,0,Perdus 💤
1908,14275.0,396,6,1189.3799999999999,0,Perdus 💤
1909,14276.0,99,7,2102.68,4,À Risque ⚠️
1910,14277.0,15,9,17197.61,4,À Risque ⚠️
1911,14278.0,410,1,205.83,0,Perdus 💤
1912,14279.0,521,2,191.86,0,Perdus 💤
1913,14280.0,197,1,134.04,4,À Risque ⚠️
1914,14281.0,408,1,245.15,0,Perdus 💤
1915,14282.0,3,25,7250.76,1,Prometteurs 🌱
1916,14283.0,463,4,628.4399999999999,0,Perdus 💤
1917,14284.0,31,3,1299.65,4,À Risque ⚠️
1918,14285.0,21,8,3284.42,4,À Risque ⚠️
1919,14286.0,24,7,8479.76,4,À Risque ⚠️
1920,14287.0,8,3,176.63,4,À Risque ⚠️
1921,14288.0,213,1,426.6,4,À Risque ⚠️
1922,14289.0,9,6,911.26,4,À Risque ⚠️
1923,14290.0,11,8,4516.56,4,À Risque ⚠️
1924,14291.0,2,23,7904.1,1,Prometteurs 🌱
1925,14292.0,8,16,9226.25,1,Prometteurs 🌱
1926,14293.0,3,9,2903.01,4,À Risque ⚠️
1927,14294.0,407,1,375.34,0,Perdus 💤
1928,14295.0,40,5,2362.91,4,À Risque ⚠️
1929,14296.0,421,2,456.40000000000003,0,Perdus 💤
1930,14297.0,18,4,1305.33,4,À Risque ⚠️
1931,14298.0,8,82,91194.49,2,Loyal Customers 🥈
1932,14299.0,8,27,14070.25,1,Prometteurs 🌱
1933,14300.0,19,1,43.2,4,À Risque ⚠️
1934,14301.0,117,4,1992.18,4,À Risque ⚠️
1935,14302.0,431,3,742.9000000000001,0,Perdus 💤
1936,14303.0,407,2,277.94,0,Perdus 💤
1937,14304.0,223,3,1725.01,4,À Risque ⚠️
1938,14305.0,71,3,1858.96,4,À Risque ⚠️
1939,14306.0,51,6,3151.4,4,À Risque ⚠️
1940,14307.0,89,10,4287.92,4,À Risque ⚠️
1941,14308.0,549,2,1147.02,0,Perdus 💤
1942,14309.0,8,11,3780.81,4,À Risque ⚠️
1943,14310.0,433,1,492.1,0,Perdus 💤
1944,14311.0,243,2,516.45,4,À Risque ⚠️
1945,14312.0,47,11,3090.29,4,À Risque ⚠️
1946,14314.0,107,2,229.8,4,À Risque ⚠️
1947,14315.0,45,8,3197.82,4,À Risque ⚠️
1948,14316.0,422,5,1370.34,0,Perdus 💤
1949,14317.0,65,1,508.58000000000004,4,À Risque ⚠️
1950,14318.0,460,1,158.02,0,Perdus 💤
1951,14319.0,424,1,494.85,0,Perdus 💤
1952,14320.0,207,5,1346.75,4,À Risque ⚠️
1953,14321.0,11,7,2218.06,4,À Risque ⚠️
1954,14322.0,429,4,474.1,0,Perdus 💤
1955,14323.0,115,2,605.0600000000001,4,À Risque ⚠️
1956,14324.0,410,2,701.61,0,Perdus 💤
1957,14325.0,570,1,245.48000000000002,0,Perdus 💤
1958,14326.0,242,3,940.98,4,À Risque ⚠️
1959,14327.0,163,6,1894.93,4,À Risque ⚠️
1960,14328.0,438,1,445.05,0,Perdus 💤
1961,14329.0,17,15,9887.62,4,À Risque ⚠️
1962,14330.0,624,1,200.63,0,Perdus 💤
1963,14331.0,124,2,462.65999999999997,4,À Risque ⚠️
1964,14332.0,23,5,1917.41,4,À Risque ⚠️
1965,14333.0,68,1,415.2,4,À Risque ⚠️
1966,14334.0,17,12,4318.48,4,À Risque ⚠️
1967,14335.0,16,2,454.86,4,À Risque ⚠️
1968,14336.0,17,4,1614.91,4,À Risque ⚠️
1969,14338.0,161,3,928.1,4,À Risque ⚠️
1970,14339.0,243,2,620.27,4,À Risque ⚠️
1971,14340.0,219,1,134.7,4,À Risque ⚠️
1972,14341.0,45,18,4452.02,4,À Risque ⚠️
1973,14342.0,21,6,918.44,4,À Risque ⚠️
1974,14343.0,421,4,1079.66,0,Perdus 💤
1975,14344.0,127,20,2993.05,1,Prometteurs 🌱
1976,14345.0,39,1,108.97999999999999,4,À Risque ⚠️
1977,14346.0,121,5,2315.75,4,À Risque ⚠️
1978,14347.0,737,1,82.6,0,Perdus 💤
1979,14348.0,260,1,409.57,4,À Risque ⚠️
1980,14349.0,10,1,133.5,4,À Risque ⚠️
1981,14350.0,274,3,972.03,0,Perdus 💤
1982,14351.0,165,1,51.0,4,À Risque ⚠️
1983,14352.0,157,4,1078.96,4,À Risque ⚠️
1984,14353.0,215,3,376.5,4,À Risque ⚠️
1985,14354.0,6,2,163.62,4,À Risque ⚠️
1986,14355.0,366,3,840.0500000000001,0,Perdus 💤
1987,14356.0,80,2,701.23,4,À Risque ⚠️
1988,14357.0,43,1,225.12,4,À Risque ⚠️
1989,14358.0,389,2,400.06,0,Perdus 💤
1990,14359.0,19,3,912.18,4,À Risque ⚠️
1991,14360.0,32,4,2118.03,4,À Risque ⚠️
1992,14361.0,579,1,214.70999999999998,0,Perdus 💤
1993,14362.0,22,1,151.5,4,À Risque ⚠️
1994,14363.0,402,2,227.47000000000003,0,Perdus 💤
1995,14364.0,109,8,3717.35,4,À Risque ⚠️
1996,14365.0,395,2,634.68,0,Perdus 💤
1997,14366.0,525,1,136.0,0,Perdus 💤
1998,14367.0,8,16,9227.82,1,Prometteurs 🌱
1999,14368.0,320,1,155.0,0,Perdus 💤
2000,14369.0,642,2,469.13,0,Perdus 💤
2001,14370.0,451,6,1175.78,0,Perdus 💤
2002,14371.0,295,1,100.5,0,Perdus 💤
2003,14372.0,443,2,860.08,0,Perdus 💤
2004,14373.0,358,1,76.55,0,Perdus 💤
2005,14374.0,541,1,108.0,0,Perdus 💤
2006,14375.0,185,3,1106.82,4,À Risque ⚠️
2007,14376.0,683,1,215.46,0,Perdus 💤
2008,14377.0,191,2,617.05,4,À Risque ⚠️
2009,14378.0,622,1,131.25,0,Perdus 💤
2010,14379.0,44,4,1265.16,4,À Risque ⚠️
2011,14380.0,682,1,48.96,0,Perdus 💤
2012,14381.0,52,2,625.9399999999999,4,À Risque ⚠️
2013,14382.0,26,2,1193.6299999999999,4,À Risque ⚠️
2014,14383.0,38,3,1247.69,4,À Risque ⚠️
2015,14384.0,501,1,58.5,0,Perdus 💤
2016,14385.0,9,3,202.11,4,À Risque ⚠️
2017,14386.0,297,1,142.4,0,Perdus 💤
2018,14387.0,33,3,1727.6,4,À Risque ⚠️
2019,14388.0,10,16,6388.2,4,À Risque ⚠️
2020,14389.0,65,5,1898.01,4,À Risque ⚠️
2021,14390.0,10,13,6150.03,4,À Risque ⚠️
2022,14391.0,577,1,135.6,0,Perdus 💤
2023,14392.0,432,1,266.4,0,Perdus 💤
2024,14393.0,218,1,67.95,4,À Risque ⚠️
2025,14394.0,565,1,93.8,0,Perdus 💤
2026,14395.0,2,20,7801.93,1,Prometteurs 🌱
2027,14396.0,65,7,1969.38,4,À Risque ⚠️
2028,14397.0,3,19,2612.96,1,Prometteurs 🌱
2029,14398.0,401,2,707.79,0,Perdus 💤
2030,14399.0,394,8,2108.21,0,Perdus 💤
2031,14400.0,149,3,1732.47,4,À Risque ⚠️
2032,14401.0,4,22,6795.9,1,Prometteurs 🌱
2033,14402.0,652,1,285.6,0,Perdus 💤
2034,14403.0,130,6,1880.51,4,À Risque ⚠️
2035,14404.0,34,13,2724.13,4,À Risque ⚠️
2036,14405.0,387,1,195.0,0,Perdus 💤
2037,14406.0,119,1,156.75,4,À Risque ⚠️
2038,14407.0,107,6,2157.73,4,À Risque ⚠️
2039,14408.0,11,11,4102.27,4,À Risque ⚠️
2040,14409.0,71,9,3427.29,4,À Risque ⚠️
2041,14410.0,92,11,2631.9,4,À Risque ⚠️
2042,14411.0,311,1,1063.0,0,Perdus 💤
2043,14412.0,43,3,1426.19,4,À Risque ⚠️
2044,14413.0,362,4,764.52,0,Perdus 💤
2045,14414.0,92,8,2399.33,4,À Risque ⚠️
2046,14415.0,1,23,11980.09,1,Prometteurs 🌱
2047,14416.0,22,2,490.22,4,À Risque ⚠️
2048,14417.0,388,1,524.65,0,Perdus 💤
2049,14418.0,4,3,1937.25,4,À Risque ⚠️
2050,14419.0,11,7,1254.64,4,À Risque ⚠️
2051,14420.0,99,4,1639.17,4,À Risque ⚠️
2052,14421.0,57,6,2469.37,4,À Risque ⚠️
2053,14422.0,1,19,10271.52,1,Prometteurs 🌱
2054,14423.0,218,3,916.6099999999999,4,À Risque ⚠️
2055,14424.0,18,1,322.08,4,À Risque ⚠️
2056,14425.0,435,3,661.39,0,Perdus 💤
2057,14426.0,24,17,11727.94,1,Prometteurs 🌱
2058,14427.0,50,4,1263.52,4,À Risque ⚠️
2059,14428.0,7,5,1224.06,4,À Risque ⚠️
2060,14429.0,404,1,516.28,0,Perdus 💤
2061,14430.0,512,3,1220.9,0,Perdus 💤
2062,14431.0,303,4,2614.2,0,Perdus 💤
2063,14432.0,10,6,2248.5,4,À Risque ⚠️
2064,14433.0,466,1,280.7,0,Perdus 💤
2065,14434.0,22,6,1372.8,4,À Risque ⚠️
2066,14435.0,502,1,90.42,0,Perdus 💤
2067,14436.0,99,2,271.70000000000005,4,À Risque ⚠️
2068,14437.0,366,5,873.34,0,Perdus 💤
2069,14438.0,306,1,131.9,0,Perdus 💤
2070,14439.0,320,5,9443.04,0,Perdus 💤
2071,14440.0,8,13,5982.03,4,À Risque ⚠️
2072,14441.0,1,11,4611.6900000000005,4,À Risque ⚠️
2073,14442.0,205,7,5367.0199999999995,4,À Risque ⚠️
2074,14443.0,54,5,2082.97,4,À Risque ⚠️
2075,14444.0,456,1,120.44,0,Perdus 💤
2076,14445.0,456,1,221.65,0,Perdus 💤
2077,14446.0,1,5,1200.28,4,À Risque ⚠️
2078,14447.0,19,6,1711.73,4,À Risque ⚠️
2079,14448.0,9,2,375.35,4,À Risque ⚠️
2080,14449.0,19,8,2230.96,4,À Risque ⚠️
2081,14450.0,181,7,1128.44,4,À Risque ⚠️
2082,14451.0,60,12,3258.68,4,À Risque ⚠️
2083,14452.0,11,4,658.95,4,À Risque ⚠️
2084,14453.0,190,1,119.93,4,À Risque ⚠️
2085,14454.0,376,5,977.3,0,Perdus 💤
2086,14455.0,432,4,617.72,0,Perdus 💤
2087,14456.0,5,9,3017.28,4,À Risque ⚠️
2088,14457.0,311,1,113.64,0,Perdus 💤
2089,14458.0,381,1,228.07,0,Perdus 💤
2090,14459.0,155,2,5375.741,4,À Risque ⚠️
2091,14460.0,110,9,1093.5,4,À Risque ⚠️
2092,14461.0,148,13,6676.91,4,À Risque ⚠️
2093,14462.0,66,12,2242.81,4,À Risque ⚠️
2094,14463.0,98,4,786.5699999999999,4,À Risque ⚠️
2095,14464.0,568,2,111.0,0,Perdus 💤
2096,14465.0,247,11,3925.85,4,À Risque ⚠️
2097,14466.0,29,13,4267.15,4,À Risque ⚠️
2098,14467.0,18,12,2203.2400000000002,4,À Risque ⚠️
2099,14468.0,734,1,204.24,0,Perdus 💤
2100,14469.0,416,4,2093.46,0,Perdus 💤
2101,14470.0,12,3,712.04,4,À Risque ⚠️
2102,14471.0,591,2,400.95,0,Perdus 💤
2103,14472.0,104,9,2118.72,4,À Risque ⚠️
2104,14473.0,74,2,234.34000000000003,4,À Risque ⚠️
2105,14474.0,46,2,1258.8899999999999,4,À Risque ⚠️
2106,14475.0,72,4,1151.15,4,À Risque ⚠️
2107,14476.0,257,1,193.0,4,À Risque ⚠️
2108,14477.0,20,7,1969.6,4,À Risque ⚠️
2109,14478.0,382,4,1276.66,0,Perdus 💤
2110,14479.0,254,4,1124.71,4,À Risque ⚠️
2111,14480.0,11,4,1299.52,4,À Risque ⚠️
2112,14481.0,165,5,2284.69,4,À Risque ⚠️
2113,14482.0,18,12,4306.72,4,À Risque ⚠️
2114,14483.0,282,2,257.1,0,Perdus 💤
2115,14484.0,50,4,1070.98,4,À Risque ⚠️
2116,14485.0,39,1,162.8,4,À Risque ⚠️
2117,14486.0,512,2,175.5,0,Perdus 💤
2118,14487.0,27,7,1266.27,4,À Risque ⚠️
2119,14488.0,68,1,1064.28,4,À Risque ⚠️
2120,14489.0,207,4,1574.93,4,À Risque ⚠️
2121,14490.0,406,2,1273.47,0,Perdus 💤
2122,14491.0,175,2,340.93,4,À Risque ⚠️
2123,14492.0,430,7,1921.91,0,Perdus 💤
2124,14493.0,7,10,5087.86,4,À Risque ⚠️
2125,14494.0,26,3,401.46,4,À Risque ⚠️
2126,14495.0,51,3,174.8,4,À Risque ⚠️
2127,14496.0,312,7,2363.89,0,Perdus 💤
2128,14497.0,309,2,697.0600000000001,0,Perdus 💤
2129,14498.0,43,10,3900.83,4,À Risque ⚠️
2130,14499.0,26,7,2101.79,4,À Risque ⚠️
2131,14500.0,88,3,356.85,4,À Risque ⚠️
2132,14501.0,184,2,251.21,4,À Risque ⚠️
2133,14502.0,20,11,2429.83,4,À Risque ⚠️
2134,14503.0,3,6,3543.26,4,À Risque ⚠️
2135,14504.0,47,4,673.26,4,À Risque ⚠️
2136,14505.0,17,19,11879.08,1,Prometteurs 🌱
2137,14506.0,17,7,2960.25,4,À Risque ⚠️
2138,14507.0,24,11,3216.7400000000002,4,À Risque ⚠️
2139,14508.0,22,5,822.92,4,À Risque ⚠️
2140,14509.0,534,1,110.95,0,Perdus 💤
2141,14510.0,376,3,979.85,0,Perdus 💤
2142,14511.0,11,5,1314.81,4,À Risque ⚠️
2143,14512.0,188,7,1215.97,4,À Risque ⚠️
2144,14513.0,101,6,788.01,4,À Risque ⚠️
2145,14514.0,61,9,4380.04,4,À Risque ⚠️
2146,14515.0,18,12,3724.06,4,À Risque ⚠️
2147,14516.0,516,1,151.17,0,Perdus 💤
2148,14517.0,33,2,330.45,4,À Risque ⚠️
2149,14518.0,64,1,174.37,4,À Risque ⚠️
2150,14519.0,684,2,203.14,0,Perdus 💤
2151,14520.0,2,2,270.6,4,À Risque ⚠️
2152,14521.0,491,1,199.45000000000002,0,Perdus 💤
2153,14522.0,24,8,1748.42,4,À Risque ⚠️
2154,14523.0,108,1,241.09,4,À Risque ⚠️
2155,14524.0,32,13,2909.86,4,À Risque ⚠️
2156,14525.0,20,17,8026.54,1,Prometteurs 🌱
2157,14526.0,389,1,258.65,0,Perdus 💤
2158,14527.0,3,122,27246.88,2,Loyal Customers 🥈
2159,14528.0,37,1,364.21999999999997,4,À Risque ⚠️
2160,14529.0,60,3,578.61,4,À Risque ⚠️
2161,14530.0,26,16,6088.87,4,À Risque ⚠️
2162,14531.0,480,1,376.34,0,Perdus 💤
2163,14532.0,236,11,3845.78,4,À Risque ⚠️
2164,14533.0,25,11,3466.37,4,À Risque ⚠️
2165,14534.0,3,26,6187.66,1,Prometteurs 🌱
2166,14535.0,60,9,5973.2300000000005,4,À Risque ⚠️
2167,14536.0,260,1,170.95,4,À Risque ⚠️
2168,14537.0,58,2,641.4,4,À Risque ⚠️
2169,14538.0,65,5,1370.8400000000001,4,À Risque ⚠️
2170,14539.0,16,2,537.48,4,À Risque ⚠️
2171,14540.0,10,11,3709.64,4,À Risque ⚠️
2172,14541.0,59,14,2491.38,4,À Risque ⚠️
2173,14542.0,186,1,103.25,4,À Risque ⚠️
2174,14543.0,29,39,14587.87,1,Prometteurs 🌱
2175,14544.0,24,3,2938.53,4,À Risque ⚠️
2176,14545.0,674,1,349.25,0,Perdus 💤
2177,14546.0,5,11,5184.84,4,À Risque ⚠️
2178,14547.0,4,8,3974.75,4,À Risque ⚠️
2179,14548.0,151,9,2541.29,4,À Risque ⚠️
2180,14549.0,311,4,913.6,0,Perdus 💤
2181,14550.0,11,4,1345.06,4,À Risque ⚠️
2182,14551.0,18,7,878.09,4,À Risque ⚠️
2183,14552.0,152,3,507.93,4,À Risque ⚠️
2184,14553.0,19,9,1818.6,4,À Risque ⚠️
2185,14554.0,10,4,2279.4900000000002,4,À Risque ⚠️
2186,14555.0,57,6,2304.03,4,À Risque ⚠️
2187,14556.0,596,3,815.69,0,Perdus 💤
2188,14557.0,85,1,788.38,4,À Risque ⚠️
2189,14558.0,654,3,655.5,0,Perdus 💤
2190,14559.0,390,1,75.6,0,Perdus 💤
2191,14560.0,7,44,6114.03,1,Prometteurs 🌱
2192,14561.0,76,3,1080.76,4,À Risque ⚠️
2193,14562.0,4,26,6638.150000000001,1,Prometteurs 🌱
2194,14563.0,510,2,640.54,0,Perdus 💤
2195,14564.0,435,2,2605.62,0,Perdus 💤
2196,14565.0,96,5,3859.2200000000003,4,À Risque ⚠️
2197,14566.0,111,4,4092.0,4,À Risque ⚠️
2198,14567.0,57,2,1530.3600000000001,4,À Risque ⚠️
2199,14568.0,435,1,919.7,0,Perdus 💤
2200,14569.0,1,4,597.3299999999999,4,À Risque ⚠️
2201,14570.0,281,3,613.75,0,Perdus 💤
2202,14571.0,425,1,160.0,0,Perdus 💤
2203,14572.0,3,11,5526.88,4,À Risque ⚠️
2204,14573.0,180,13,2163.12,4,À Risque ⚠️
2205,14574.0,733,1,143.70000000000002,0,Perdus 💤
2206,14575.0,488,1,420.22,0,Perdus 💤
2207,14576.0,372,1,35.400000000000006,0,Perdus 💤
2208,14577.0,13,7,1364.15,4,À Risque ⚠️
2209,14578.0,3,1,168.63,4,À Risque ⚠️
2210,14579.0,432,1,105.56,0,Perdus 💤
2211,14580.0,518,1,14.850000000000001,0,Perdus 💤
2212,14581.0,17,2,409.65,4,À Risque ⚠️
2213,14582.0,41,1,114.11,4,À Risque ⚠️
2214,14583.0,6,8,1660.29,4,À Risque ⚠️
2215,14584.0,169,8,1738.16,4,À Risque ⚠️
2216,14585.0,50,5,1143.27,4,À Risque ⚠️
2217,14586.0,277,1,237.36,0,Perdus 💤
2218,14587.0,19,9,1580.29,4,À Risque ⚠️
2219,14588.0,578,1,135.39,0,Perdus 💤
2220,14589.0,372,1,39.75,0,Perdus 💤
2221,14590.0,425,20,2993.37,0,Perdus 💤
2222,14591.0,15,4,1320.21,4,À Risque ⚠️
2223,14592.0,35,3,557.94,4,À Risque ⚠️
2224,14593.0,22,12,3665.5299999999997,4,À Risque ⚠️
2225,14594.0,7,2,363.33,4,À Risque ⚠️
2226,14595.0,20,8,2164.45,4,À Risque ⚠️
2227,14596.0,627,1,222.22000000000003,0,Perdus 💤
2228,14597.0,11,6,2184.63,4,À Risque ⚠️
2229,14598.0,44,2,384.04,4,À Risque ⚠️
2230,14599.0,390,2,457.89,0,Perdus 💤
2231,14600.0,306,2,865.1700000000001,0,Perdus 💤
2232,14601.0,11,1,213.96,4,À Risque ⚠️
2233,14602.0,656,1,205.35999999999999,0,Perdus 💤
2234,14603.0,275,1,660.0,0,Perdus 💤
2235,14604.0,633,1,143.85999999999999,0,Perdus 💤
2236,14605.0,374,4,921.5600000000001,0,Perdus 💤
2237,14606.0,1,192,29951.37,2,Loyal Customers 🥈
2238,14607.0,16,22,23763.13,1,Prometteurs 🌱
2239,14608.0,4,11,3352.94,4,À Risque ⚠️
2240,14609.0,72,10,1486.2,4,À Risque ⚠️
2241,14610.0,396,2,24.35,0,Perdus 💤
2242,14611.0,444,2,604.3299999999999,0,Perdus 💤
2243,14612.0,415,1,877.7,0,Perdus 💤
2244,14613.0,680,1,76.32000000000001,0,Perdus 💤
2245,14614.0,386,1,295.13,0,Perdus 💤
2246,14615.0,394,5,951.76,0,Perdus 💤
2247,14616.0,243,5,527.78,4,À Risque ⚠️
2248,14617.0,403,2,190.47000000000003,0,Perdus 💤
2249,14618.0,9,7,1342.32,4,À Risque ⚠️
2250,14619.0,246,2,1291.24,4,À Risque ⚠️
2251,14620.0,206,2,412.78000000000003,4,À Risque ⚠️
2252,14621.0,1,9,3000.57,4,À Risque ⚠️
2253,14622.0,185,1,320.58000000000004,4,À Risque ⚠️
2254,14623.0,32,10,2016.98,4,À Risque ⚠️
2255,14624.0,57,6,814.07,4,À Risque ⚠️
2256,14625.0,196,11,4497.88,4,À Risque ⚠️
2257,14626.0,24,11,5410.92,4,À Risque ⚠️
2258,14627.0,379,1,462.75,0,Perdus 💤
2259,14628.0,91,5,1998.0,4,À Risque ⚠️
2260,14629.0,4,2,955.26,4,À Risque ⚠️
2261,14630.0,484,1,338.65,0,Perdus 💤
2262,14631.0,51,6,2025.69,4,À Risque ⚠️
2263,14632.0,263,1,114.56,4,À Risque ⚠️
2264,14633.0,266,1,344.90000000000003,4,À Risque ⚠️
2265,14634.0,438,4,2124.46,0,Perdus 💤
2266,14635.0,454,1,215.22,0,Perdus 💤
2267,14636.0,36,2,609.85,4,À Risque ⚠️
2268,14637.0,677,1,106.67999999999999,0,Perdus 💤
2269,14638.0,51,1,443.6,4,À Risque ⚠️
2270,14639.0,52,9,4978.96,4,À Risque ⚠️
2271,14640.0,24,10,3649.36,4,À Risque ⚠️
2272,14641.0,22,1,110.46,4,À Risque ⚠️
2273,14642.0,59,1,96.12,4,À Risque ⚠️
2274,14643.0,170,5,1679.89,4,À Risque ⚠️
2275,14644.0,68,7,2247.72,4,À Risque ⚠️
2276,14645.0,157,3,876.89,4,À Risque ⚠️
2277,14646.0,2,151,528602.52,3,Champions 🏆
2278,14647.0,201,2,506.04,4,À Risque ⚠️
2279,14648.0,416,15,4466.65,0,Perdus 💤
2280,14649.0,5,9,3651.19,4,À Risque ⚠️
2281,14650.0,589,1,62.5,0,Perdus 💤
2282,14651.0,67,9,2025.52,4,À Risque ⚠️
2283,14652.0,77,1,114.18,4,À Risque ⚠️
2284,14653.0,1,12,3593.06,4,À Risque ⚠️
2285,14654.0,738,1,246.86,0,Perdus 💤
2286,14655.0,8,7,3878.51,4,À Risque ⚠️
2287,14656.0,169,5,790.0,4,À Risque ⚠️
2288,14657.0,18,6,1450.19,4,À Risque ⚠️
2289,14658.0,5,2,247.15,4,À Risque ⚠️
2290,14659.0,9,9,2529.93,4,À Risque ⚠️
2291,14660.0,87,2,285.74,4,À Risque ⚠️
2292,14661.0,27,1,107.95,4,À Risque ⚠️
2293,14662.0,29,7,1376.43,4,À Risque ⚠️
2294,14663.0,430,2,490.6,0,Perdus 💤
2295,14664.0,20,2,636.24,4,À Risque ⚠️
2296,14665.0,61,7,2749.65,4,À Risque ⚠️
2297,14666.0,24,1,195.25,4,À Risque ⚠️
2298,14667.0,11,54,20395.34,1,Prometteurs 🌱
2299,14668.0,445,1,111.63,0,Perdus 💤
2300,14669.0,242,7,3216.78,4,À Risque ⚠️
2301,14670.0,280,3,583.33,0,Perdus 💤
2302,14671.0,549,2,1127.45,0,Perdus 💤
2303,14672.0,235,4,1113.14,4,À Risque ⚠️
2304,14673.0,3,7,3037.32,4,À Risque ⚠️
2305,14674.0,509,1,173.66,0,Perdus 💤
2306,14675.0,16,2,1015.58,4,À Risque ⚠️
2307,14676.0,31,12,8356.79,4,À Risque ⚠️
2308,14677.0,593,1,184.91,0,Perdus 💤
2309,14678.0,579,1,403.39,0,Perdus 💤
2310,14679.0,382,3,1289.44,0,Perdus 💤
2311,14680.0,25,58,55688.5,1,Prometteurs 🌱
2312,14681.0,71,6,875.1500000000001,4,À Risque ⚠️
2313,14682.0,188,6,1514.81,4,À Risque ⚠️
2314,14683.0,588,1,146.56,0,Perdus 💤
2315,14684.0,26,6,1430.03,4,À Risque ⚠️
2316,14685.0,576,8,4536.64,0,Perdus 💤
2317,14686.0,414,5,852.53,0,Perdus 💤
2318,14687.0,107,3,1402.06,4,À Risque ⚠️
2319,14688.0,8,28,7190.42,1,Prometteurs 🌱
2320,14689.0,209,1,112.8,4,À Risque ⚠️
2321,14690.0,44,4,777.68,4,À Risque ⚠️
2322,14691.0,31,5,2114.33,4,À Risque ⚠️
2323,14692.0,137,12,1715.1399999999999,4,À Risque ⚠️
2324,14693.0,265,7,1165.36,4,À Risque ⚠️
2325,14694.0,617,1,244.31,0,Perdus 💤
2326,14695.0,519,3,1534.22,0,Perdus 💤
2327,14696.0,4,8,2473.28,4,À Risque ⚠️
2328,14697.0,218,2,188.60999999999999,4,À Risque ⚠️
2329,14698.0,2,5,1217.27,4,À Risque ⚠️
2330,14699.0,214,4,702.6,4,À Risque ⚠️
2331,14700.0,32,5,3076.06,4,À Risque ⚠️
2332,14701.0,11,15,4487.11,4,À Risque ⚠️
2333,14702.0,1,29,6368.78,1,Prometteurs 🌱
2334,14703.0,15,1,318.17,4,À Risque ⚠️
2335,14704.0,11,11,1752.92,4,À Risque ⚠️
2336,14705.0,199,1,179.0,4,À Risque ⚠️
2337,14706.0,619,1,367.54,0,Perdus 💤
2338,14707.0,436,2,139.2,0,Perdus 💤
2339,14708.0,3,5,1793.22,4,À Risque ⚠️
2340,14709.0,15,25,8886.33,1,Prometteurs 🌱
2341,14710.0,14,13,1899.79,4,À Risque ⚠️
2342,14711.0,10,11,2839.62,4,À Risque ⚠️
2343,14712.0,29,4,1328.0700000000002,4,À Risque ⚠️
2344,14713.0,9,21,5115.76,1,Prometteurs 🌱
2345,14714.0,24,4,906.24,4,À Risque ⚠️
2346,14715.0,25,8,1825.45,4,À Risque ⚠️
2347,14716.0,43,3,543.28,4,À Risque ⚠️
2348,14717.0,733,1,81.3,0,Perdus 💤
2349,14718.0,410,1,226.42,0,Perdus 💤
2350,14719.0,2,5,1581.84,4,À Risque ⚠️
2351,14720.0,6,3,663.81,4,À Risque ⚠️
2352,14721.0,379,1,109.07,0,Perdus 💤
2353,14722.0,147,3,489.52,4,À Risque ⚠️
2354,14723.0,10,11,1803.06,4,À Risque ⚠️
2355,14724.0,590,1,341.9,0,Perdus 💤
2356,14725.0,25,4,1252.74,4,À Risque ⚠️
2357,14726.0,655,1,116.5,0,Perdus 💤
2358,14727.0,274,3,463.72999999999996,0,Perdus 💤
2359,14728.0,413,1,190.58,0,Perdus 💤
2360,14729.0,374,3,586.24,0,Perdus 💤
2361,14730.0,1,8,1897.57,4,À Risque ⚠️
2362,14731.0,47,3,380.02,4,À Risque ⚠️
2363,14732.0,8,19,5517.07,1,Prometteurs 🌱
2364,14733.0,16,15,14335.15,1,Prometteurs 🌱
2365,14734.0,426,4,1056.42,0,Perdus 💤
2366,14735.0,4,56,12240.16,1,Prometteurs 🌱
2367,14736.0,485,2,374.05,0,Perdus 💤
2368,14737.0,4,4,3554.17,4,À Risque ⚠️
2369,14738.0,43,9,1821.9,4,À Risque ⚠️
2370,14739.0,4,25,11573.62,1,Prometteurs 🌱
2371,14740.0,197,11,4161.06,4,À Risque ⚠️
2372,14741.0,12,7,1713.09,4,À Risque ⚠️
2373,14742.0,435,1,579.85,0,Perdus 💤
2374,14743.0,593,1,50.48,0,Perdus 💤
2375,14744.0,16,14,3660.08,4,À Risque ⚠️
2376,14745.0,113,12,2551.41,4,À Risque ⚠️
2377,14746.0,406,4,593.5,0,Perdus 💤
2378,14747.0,249,1,328.2,4,À Risque ⚠️
2379,14748.0,29,10,2681.9,4,À Risque ⚠️
2380,14749.0,480,1,310.15,0,Perdus 💤
2381,14750.0,736,1,112.03,0,Perdus 💤
2382,14751.0,684,2,126.45,0,Perdus 💤
2383,14752.0,44,1,389.64,4,À Risque ⚠️
2384,14753.0,87,2,869.51,4,À Risque ⚠️
2385,14754.0,45,6,1547.93,4,À Risque ⚠️
2386,14755.0,10,25,9972.550000000001,1,Prometteurs 🌱
2387,14756.0,15,3,2653.76,4,À Risque ⚠️
2388,14757.0,75,1,420.5,4,À Risque ⚠️
2389,14758.0,145,7,2864.97,4,À Risque ⚠️
2390,14759.0,5,3,1625.97,4,À Risque ⚠️
2391,14760.0,297,1,89.2,0,Perdus 💤
2392,14761.0,59,3,447.92,4,À Risque ⚠️
2393,14762.0,264,2,417.57,4,À Risque ⚠️
2394,14764.0,47,1,278.3,4,À Risque ⚠️
2395,14765.0,29,3,254.11,4,À Risque ⚠️
2396,14766.0,8,11,6375.7300000000005,4,À Risque ⚠️
2397,14767.0,474,1,382.81,0,Perdus 💤
2398,14768.0,17,2,192.60000000000002,4,À Risque ⚠️
2399,14769.0,3,17,15514.11,1,Prometteurs 🌱
2400,14770.0,232,8,3637.64,4,À Risque ⚠️
2401,14771.0,621,2,594.62,0,Perdus 💤
2402,14772.0,112,1,139.26,4,À Risque ⚠️
2403,14773.0,593,1,140.55,0,Perdus 💤
2404,14774.0,529,1,241.45,0,Perdus 💤
2405,14775.0,58,3,1011.9,4,À Risque ⚠️
2406,14776.0,51,15,3708.3,4,À Risque ⚠️
2407,14777.0,404,1,307.56,0,Perdus 💤
2408,14778.0,127,2,730.86,4,À Risque ⚠️
2409,14779.0,281,3,386.15,0,Perdus 💤
2410,14780.0,55,2,447.68,4,À Risque ⚠️
2411,14782.0,320,1,200.10000000000002,0,Perdus 💤
2412,14783.0,659,1,307.3,0,Perdus 💤
2413,14784.0,26,3,449.93,4,À Risque ⚠️
2414,14785.0,10,2,77.4,4,À Risque ⚠️
2415,14786.0,550,1,90.96,0,Perdus 💤
2416,14787.0,471,1,110.65,0,Perdus 💤
2417,14788.0,7,3,1156.32,4,À Risque ⚠️
2418,14789.0,29,1,197.64,4,À Risque ⚠️
2419,14790.0,17,10,2526.62,4,À Risque ⚠️
2420,14791.0,607,1,303.63,0,Perdus 💤
2421,14792.0,64,1,6.2,4,À Risque ⚠️
2422,14793.0,21,2,625.9,4,À Risque ⚠️
2423,14794.0,3,10,1953.9,4,À Risque ⚠️
2424,14795.0,166,1,131.45000000000002,4,À Risque ⚠️
2425,14796.0,1,27,10169.33,1,Prometteurs 🌱
2426,14797.0,507,1,300.31,0,Perdus 💤
2427,14798.0,53,8,724.31,4,À Risque ⚠️
2428,14799.0,51,2,338.15,4,À Risque ⚠️
2429,14800.0,48,17,7191.33,4,À Risque ⚠️
2430,14801.0,61,1,189.34,4,À Risque ⚠️
2431,14802.0,438,2,1502.98,0,Perdus 💤
2432,14803.0,162,3,845.55,4,À Risque ⚠️
2433,14804.0,9,1,353.27,4,À Risque ⚠️
2434,14805.0,15,7,1082.55,4,À Risque ⚠️
2435,14806.0,75,2,303.43,4,À Risque ⚠️
2436,14807.0,391,2,504.14,0,Perdus 💤
2437,14808.0,40,8,2718.6,4,À Risque ⚠️
2438,14809.0,621,2,686.76,0,Perdus 💤
2439,14810.0,41,13,2354.03,4,À Risque ⚠️
2440,14811.0,387,1,170.5,0,Perdus 💤
2441,14812.0,599,1,178.85,0,Perdus 💤
2442,14813.0,370,4,888.91,0,Perdus 💤
2443,14814.0,581,1,154.21,0,Perdus 💤
2444,14815.0,37,2,778.5,4,À Risque ⚠️
2445,14816.0,197,1,271.85,4,À Risque ⚠️
2446,14817.0,200,7,3959.86,4,À Risque ⚠️
2447,14818.0,74,6,1153.56,4,À Risque ⚠️
2448,14819.0,64,4,456.41,4,À Risque ⚠️
2449,14820.0,21,9,1274.76,4,À Risque ⚠️
2450,14821.0,367,7,1230.15,0,Perdus 💤
2451,14822.0,485,1,157.70000000000002,0,Perdus 💤
2452,14823.0,180,3,321.43,4,À Risque ⚠️
2453,14824.0,10,10,4022.9100000000003,4,À Risque ⚠️
2454,14825.0,4,24,4735.08,1,Prometteurs 🌱
2455,14826.0,582,2,385.2,0,Perdus 💤
2456,14828.0,197,13,9839.460000000001,4,À Risque ⚠️
2457,14829.0,29,7,1455.8700000000001,4,À Risque ⚠️
2458,14830.0,53,1,188.88,4,À Risque ⚠️
2459,14831.0,680,3,1676.57,0,Perdus 💤
2460,14832.0,630,1,322.69,0,Perdus 💤
2461,14833.0,499,1,94.8,0,Perdus 💤
2462,14834.0,18,7,2206.16,4,À Risque ⚠️
2463,14835.0,529,2,297.0,0,Perdus 💤
2464,14836.0,10,3,102.44999999999999,4,À Risque ⚠️
2465,14837.0,90,9,3460.32,4,À Risque ⚠️
2466,14838.0,423,2,769.9200000000001,0,Perdus 💤
2467,14839.0,418,3,915.28,0,Perdus 💤
2468,14840.0,268,2,362.71,4,À Risque ⚠️
2469,14841.0,53,14,7163.0,4,À Risque ⚠️
2470,14842.0,44,4,2824.69,4,À Risque ⚠️
2471,14843.0,437,1,211.79999999999998,0,Perdus 💤
2472,14844.0,64,10,6702.43,4,À Risque ⚠️
2473,14845.0,600,1,150.0,0,Perdus 💤
2474,14846.0,427,1,437.4,0,Perdus 💤
2475,14847.0,149,3,1348.95,4,À Risque ⚠️
2476,14848.0,405,1,310.56,0,Perdus 💤
2477,14849.0,22,43,15407.61,1,Prometteurs 🌱
2478,14850.0,312,7,1770.96,0,Perdus 💤
2479,14851.0,23,3,829.4100000000001,4,À Risque ⚠️
2480,14852.0,58,18,6132.43,1,Prometteurs 🌱
2481,14853.0,24,5,1376.87,4,À Risque ⚠️
2482,14854.0,78,11,4303.06,4,À Risque ⚠️
2483,14855.0,119,7,6520.3,4,À Risque ⚠️
2484,14856.0,36,3,1290.53,4,À Risque ⚠️
2485,14857.0,60,7,3651.851,4,À Risque ⚠️
2486,14858.0,506,1,180.75,0,Perdus 💤
2487,14859.0,13,5,1705.64,4,À Risque ⚠️
2488,14860.0,19,1,170.32,4,À Risque ⚠️
2489,14861.0,52,10,1380.73,4,À Risque ⚠️
2490,14862.0,26,2,841.1999999999999,4,À Risque ⚠️
2491,14863.0,29,1,266.76,4,À Risque ⚠️
2492,14865.0,7,4,92.52000000000001,4,À Risque ⚠️
2493,14866.0,11,19,20746.54,1,Prometteurs 🌱
2494,14867.0,186,16,2952.06,4,À Risque ⚠️
2495,14868.0,3,12,4184.01,4,À Risque ⚠️
2496,14869.0,9,6,2778.14,4,À Risque ⚠️
2497,14870.0,262,6,1838.95,4,À Risque ⚠️
2498,14871.0,3,9,1228.17,4,À Risque ⚠️
2499,14872.0,484,3,816.6,0,Perdus 💤
2500,14873.0,210,2,854.13,4,À Risque ⚠️
2501,14874.0,535,1,116.18,0,Perdus 💤
2502,14875.0,108,3,2862.4,4,À Risque ⚠️
2503,14876.0,521,2,256.7,0,Perdus 💤
2504,14877.0,418,2,425.85,0,Perdus 💤
2505,14878.0,13,25,4076.5,1,Prometteurs 🌱
2506,14879.0,685,1,185.06,0,Perdus 💤
2507,14880.0,77,3,690.59,4,À Risque ⚠️
2508,14881.0,20,1,255.4,4,À Risque ⚠️
2509,14882.0,27,14,3546.65,4,À Risque ⚠️
2510,14883.0,19,6,761.59,4,À Risque ⚠️
2511,14884.0,669,1,120.6,0,Perdus 💤
2512,14885.0,132,3,1598.12,4,À Risque ⚠️
2513,14886.0,253,1,364.8,4,À Risque ⚠️
2514,14887.0,79,1,1862.0,4,À Risque ⚠️
2515,14888.0,207,1,369.2,4,À Risque ⚠️
2516,14889.0,336,1,135.9,0,Perdus 💤
2517,14890.0,254,3,817.25,4,À Risque ⚠️
2518,14891.0,148,4,1106.73,4,À Risque ⚠️
2519,14892.0,691,1,202.35000000000002,0,Perdus 💤
2520,14893.0,10,3,1809.6100000000001,4,À Risque ⚠️
2521,14894.0,85,3,1492.81,4,À Risque ⚠️
2522,14895.0,8,38,25119.54,1,Prometteurs 🌱
2523,14896.0,205,8,1826.0,4,À Risque ⚠️
2524,14897.0,8,8,3140.54,4,À Risque ⚠️
2525,14898.0,23,14,3365.95,4,À Risque ⚠️
2526,14899.0,395,1,1331.38,0,Perdus 💤
2527,14900.0,522,1,13.919999999999998,0,Perdus 💤
2528,14901.0,11,12,1919.0,4,À Risque ⚠️
2529,14902.0,26,3,1035.6200000000001,4,À Risque ⚠️
2530,14903.0,21,5,2795.33,4,À Risque ⚠️
2531,14904.0,2,4,1630.49,4,À Risque ⚠️
2532,14905.0,158,8,1971.39,4,À Risque ⚠️
2533,14906.0,445,1,68.44,0,Perdus 💤
2534,14907.0,3,16,5547.72,4,À Risque ⚠️
2535,14908.0,74,2,381.9,4,À Risque ⚠️
2536,14909.0,437,3,1404.68,0,Perdus 💤
2537,14910.0,3,4,434.35,4,À Risque ⚠️
2538,14911.0,1,398,291420.81,3,Champions 🏆
2539,14912.0,17,6,1889.25,4,À Risque ⚠️
2540,14913.0,36,8,4073.13,4,À Risque ⚠️
2541,14915.0,91,11,1811.25,4,À Risque ⚠️
2542,14916.0,71,8,3042.95,4,À Risque ⚠️
2543,14917.0,597,2,1123.75,0,Perdus 💤
2544,14918.0,116,9,5955.81,4,À Risque ⚠️
2545,14919.0,539,1,359.35,0,Perdus 💤
2546,14920.0,213,3,1607.17,4,À Risque ⚠️
2547,14921.0,30,2,1316.07,4,À Risque ⚠️
2548,14922.0,394,2,843.74,0,Perdus 💤
2549,14923.0,51,1,749.1,4,À Risque ⚠️
2550,14924.0,246,3,931.01,4,À Risque ⚠️
2551,14926.0,382,2,359.4,0,Perdus 💤
2552,14927.0,397,1,308.2,0,Perdus 💤
2553,14928.0,628,1,223.91000000000003,0,Perdus 💤
2554,14929.0,32,2,836.69,4,À Risque ⚠️
2555,14930.0,109,6,5236.7300000000005,4,À Risque ⚠️
2556,14931.0,5,5,1257.68,4,À Risque ⚠️
2557,14932.0,366,2,666.13,0,Perdus 💤
2558,14933.0,444,4,1770.0,0,Perdus 💤
2559,14934.0,82,5,3503.5,4,À Risque ⚠️
2560,14935.0,297,2,2849.83,0,Perdus 💤
2561,14936.0,34,12,12410.81,4,À Risque ⚠️
2562,14937.0,57,3,1621.88,4,À Risque ⚠️
2563,14938.0,562,2,2322.43,0,Perdus 💤
2564,14940.0,418,2,531.49,0,Perdus 💤
2565,14941.0,579,1,182.1,0,Perdus 💤
2566,14942.0,402,4,746.56,0,Perdus 💤
2567,14943.0,663,1,107.62,0,Perdus 💤
2568,14944.0,30,19,9784.67,1,Prometteurs 🌱
2569,14945.0,414,1,179.4,0,Perdus 💤
2570,14946.0,14,1,100.9,4,À Risque ⚠️
2571,14947.0,72,6,1049.79,4,À Risque ⚠️
2572,14948.0,23,6,1101.97,4,À Risque ⚠️
2573,14949.0,469,4,515.0,0,Perdus 💤
2574,14950.0,19,1,371.2,4,À Risque ⚠️
2575,14951.0,79,1,311.69,4,À Risque ⚠️
2576,14952.0,60,32,17629.35,1,Prometteurs 🌱
2577,14953.0,25,4,971.32,4,À Risque ⚠️
2578,14954.0,12,2,462.12,4,À Risque ⚠️
2579,14955.0,733,1,163.77,0,Perdus 💤
2580,14956.0,421,1,1325.0,0,Perdus 💤
2581,14957.0,253,2,261.69,4,À Risque ⚠️
2582,14958.0,147,6,941.99,4,À Risque ⚠️
2583,14959.0,64,4,695.42,4,À Risque ⚠️
2584,14960.0,8,2,221.27,4,À Risque ⚠️
2585,14961.0,11,22,16410.15,1,Prometteurs 🌱
2586,14962.0,271,4,366.91,4,À Risque ⚠️
2587,14963.0,10,12,3123.57,4,À Risque ⚠️
2588,14964.0,247,1,206.21,4,À Risque ⚠️
2589,14965.0,96,2,596.09,4,À Risque ⚠️
2590,14966.0,15,6,1064.26,4,À Risque ⚠️
2591,14967.0,50,6,1982.6100000000001,4,À Risque ⚠️
2592,14968.0,30,2,501.24,4,À Risque ⚠️
2593,14969.0,704,1,906.23,0,Perdus 💤
2594,14970.0,68,12,4919.35,4,À Risque ⚠️
2595,14971.0,35,3,1097.98,4,À Risque ⚠️
2596,14972.0,128,2,145.07,4,À Risque ⚠️
2597,14973.0,107,3,1314.45,4,À Risque ⚠️
2598,14974.0,37,1,89.94,4,À Risque ⚠️
2599,14975.0,57,2,472.39,4,À Risque ⚠️
2600,14976.0,57,7,790.86,4,À Risque ⚠️
2601,14977.0,726,1,31.929999999999996,0,Perdus 💤
2602,14978.0,72,10,3112.19,4,À Risque ⚠️
2603,14979.0,735,1,429.66,0,Perdus 💤
2604,14980.0,737,1,150.68,0,Perdus 💤
2605,14981.0,246,2,372.92,4,À Risque ⚠️
2606,14982.0,572,1,237.78,0,Perdus 💤
2607,14983.0,689,1,183.20000000000002,0,Perdus 💤
2608,14984.0,19,6,1260.51,4,À Risque ⚠️
2609,14985.0,198,2,292.01,4,À Risque ⚠️
2610,14986.0,376,2,563.1,0,Perdus 💤
2611,14987.0,16,8,1550.6499999999999,4,À Risque ⚠️
2612,14988.0,212,7,2038.65,4,À Risque ⚠️
2613,14989.0,662,1,342.4,0,Perdus 💤
2614,14990.0,612,2,304.17,0,Perdus 💤
2615,14991.0,430,1,314.67,0,Perdus 💤
2616,14992.0,442,1,210.5,0,Perdus 💤
2617,14993.0,564,1,36.13,0,Perdus 💤
2618,14994.0,382,5,946.72,0,Perdus 💤
2619,14995.0,39,2,231.98000000000002,4,À Risque ⚠️
2620,14996.0,481,2,442.28999999999996,0,Perdus 💤
2621,14997.0,46,4,776.5999999999999,4,À Risque ⚠️
2622,14998.0,170,4,753.18,4,À Risque ⚠️
2623,14999.0,593,1,129.48000000000002,0,Perdus 💤
2624,15000.0,48,1,490.52,4,À Risque ⚠️
2625,15001.0,394,2,199.10999999999999,0,Perdus 💤
2626,15002.0,116,9,4138.08,4,À Risque ⚠️
2627,15003.0,473,6,1027.03,0,Perdus 💤
2628,15004.0,147,1,1220.77,4,À Risque ⚠️
2629,15005.0,16,56,13754.58,1,Prometteurs 🌱
2630,15006.0,51,2,757.78,4,À Risque ⚠️
2631,15007.0,159,1,156.91,4,À Risque ⚠️
2632,15008.0,480,2,360.0,0,Perdus 💤
2633,15009.0,12,3,1259.43,4,À Risque ⚠️
2634,15010.0,36,1,308.94,4,À Risque ⚠️
2635,15011.0,396,2,416.6,0,Perdus 💤
2636,15012.0,54,3,646.26,4,À Risque ⚠️
2637,15013.0,488,10,1610.82,0,Perdus 💤
2638,15014.0,43,2,257.67,4,À Risque ⚠️
2639,15015.0,501,13,2354.97,0,Perdus 💤
2640,15016.0,173,5,620.89,4,À Risque ⚠️
2641,15017.0,34,1,125.58,4,À Risque ⚠️
2642,15018.0,39,3,496.21000000000004,4,À Risque ⚠️
2643,15019.0,267,1,252.81,4,À Risque ⚠️
2644,15020.0,379,1,198.47,0,Perdus 💤
2645,15021.0,9,12,2500.59,4,À Risque ⚠️
2646,15022.0,12,5,1133.44,4,À Risque ⚠️
2647,15023.0,3,20,11578.65,1,Prometteurs 🌱
2648,15024.0,10,16,3559.39,4,À Risque ⚠️
2649,15025.0,33,2,979.79,4,À Risque ⚠️
2650,15026.0,80,5,1048.8899999999999,4,À Risque ⚠️
2651,15027.0,31,10,3195.6,4,À Risque ⚠️
2652,15028.0,8,6,962.94,4,À Risque ⚠️
2653,15029.0,620,1,365.1,0,Perdus 💤
2654,15030.0,72,8,1979.91,4,À Risque ⚠️
2655,15031.0,4,14,3102.94,4,À Risque ⚠️
2656,15032.0,256,8,11010.05,4,À Risque ⚠️
2657,15033.0,5,10,2557.18,4,À Risque ⚠️
2658,15034.0,16,14,8231.2,4,À Risque ⚠️
2659,15035.0,90,1,252.73000000000002,4,À Risque ⚠️
2660,15036.0,72,3,429.56,4,À Risque ⚠️
2661,15037.0,376,2,397.76,0,Perdus 💤
2662,15038.0,59,9,1146.53,4,À Risque ⚠️
2663,15039.0,10,93,39141.48,2,Loyal Customers 🥈
2664,15040.0,542,1,7.49,0,Perdus 💤
2665,15041.0,170,2,289.4,4,À Risque ⚠️
2666,15042.0,199,2,315.45,4,À Risque ⚠️
2667,15043.0,31,6,2870.3199999999997,4,À Risque ⚠️
2668,15044.0,19,35,16024.15,1,Prometteurs 🌱
2669,15045.0,152,2,735.66,4,À Risque ⚠️
2670,15046.0,9,25,7623.79,1,Prometteurs 🌱
2671,15047.0,270,1,343.62,0,Perdus 💤
2672,15048.0,65,4,381.0,4,À Risque ⚠️
2673,15049.0,274,1,121.17000000000002,0,Perdus 💤
2674,15050.0,25,5,4087.19,4,À Risque ⚠️
2675,15051.0,23,9,3926.91,4,À Risque ⚠️
2676,15052.0,319,1,207.73000000000002,0,Perdus 💤
2677,15053.0,5,3,693.95,4,À Risque ⚠️
2678,15054.0,12,2,302.1,4,À Risque ⚠️
2679,15055.0,475,3,549.12,0,Perdus 💤
2680,15056.0,520,1,113.64999999999999,0,Perdus 💤
2681,15057.0,275,5,3255.96,4,À Risque ⚠️
2682,15058.0,25,16,3387.58,4,À Risque ⚠️
2683,15059.0,41,19,3491.2,1,Prometteurs 🌱
2684,15060.0,8,4,294.25,4,À Risque ⚠️
2685,15061.0,4,127,126389.02,2,Loyal Customers 🥈
2686,15062.0,71,8,2585.62,4,À Risque ⚠️
2687,15063.0,213,1,370.79999999999995,4,À Risque ⚠️
2688,15064.0,410,4,1254.41,0,Perdus 💤
2689,15065.0,38,5,3326.86,4,À Risque ⚠️
2690,15066.0,53,1,893.59,4,À Risque ⚠️
2691,15067.0,78,5,3862.88,4,À Risque ⚠️
2692,15068.0,46,4,1174.9,4,À Risque ⚠️
2693,15069.0,179,1,1109.53,4,À Risque ⚠️
2694,15070.0,373,3,737.0500000000001,0,Perdus 💤
2695,15071.0,94,4,1455.56,4,À Risque ⚠️
2696,15072.0,479,1,187.51999999999998,0,Perdus 💤
2697,15073.0,10,8,2788.02,4,À Risque ⚠️
2698,15074.0,105,3,1553.1299999999999,4,À Risque ⚠️
2699,15075.0,78,1,773.03,4,À Risque ⚠️
2700,15076.0,173,3,1447.74,4,À Risque ⚠️
2701,15077.0,495,2,2428.08,0,Perdus 💤
2702,15078.0,7,53,17286.73,1,Prometteurs 🌱
2703,15079.0,213,11,3625.4,4,À Risque ⚠️
2704,15080.0,428,2,546.25,0,Perdus 💤
2705,15081.0,22,12,1854.57,4,À Risque ⚠️
2706,15082.0,669,1,93.35000000000001,0,Perdus 💤
2707,15083.0,257,1,88.2,4,À Risque ⚠️
2708,15084.0,380,2,965.2,0,Perdus 💤
2709,15085.0,730,1,347.54,0,Perdus 💤
2710,15086.0,565,2,218.53,0,Perdus 💤
2711,15087.0,282,1,306.94,0,Perdus 💤
2712,15088.0,21,2,1160.07,4,À Risque ⚠️
2713,15089.0,10,6,2420.84,4,À Risque ⚠️
2714,15090.0,308,1,381.32,0,Perdus 💤
2715,15091.0,68,3,1046.6100000000001,4,À Risque ⚠️
2716,15092.0,215,3,776.46,4,À Risque ⚠️
2717,15093.0,18,23,13702.38,1,Prometteurs 🌱
2718,15094.0,463,2,83.0,0,Perdus 💤
2719,15095.0,104,10,3141.64,4,À Risque ⚠️
2720,15096.0,43,1,219.39000000000001,4,À Risque ⚠️
2721,15097.0,4,3,908.35,4,À Risque ⚠️
2722,15098.0,182,3,39916.5,4,À Risque ⚠️
2723,15099.0,84,1,410.48,4,À Risque ⚠️
2724,15100.0,334,7,2193.8999999999996,0,Perdus 💤
2725,15101.0,9,6,1477.94,4,À Risque ⚠️
2726,15102.0,531,2,554.67,0,Perdus 💤
2727,15103.0,31,2,703.36,4,À Risque ⚠️
2728,15104.0,197,2,993.54,4,À Risque ⚠️
2729,15105.0,18,9,3094.91,4,À Risque ⚠️
2730,15106.0,18,5,1422.52,4,À Risque ⚠️
2731,15107.0,311,9,824.35,0,Perdus 💤
2732,15108.0,142,4,1300.25,4,À Risque ⚠️
2733,15109.0,246,3,983.1,4,À Risque ⚠️
2734,15110.0,24,6,1505.8500000000001,4,À Risque ⚠️
2735,15111.0,29,5,2442.37,4,À Risque ⚠️
2736,15112.0,611,1,209.4,0,Perdus 💤
2737,15113.0,10,3,3509.43,4,À Risque ⚠️
2738,15114.0,30,12,3400.12,4,À Risque ⚠️
2739,15115.0,18,2,531.85,4,À Risque ⚠️
2740,15116.0,18,4,1352.75,4,À Risque ⚠️
2741,15117.0,15,8,2485.9700000000003,4,À Risque ⚠️
2742,15118.0,134,1,244.8,4,À Risque ⚠️
2743,15119.0,246,1,266.4,4,À Risque ⚠️
2744,15120.0,134,1,358.82,4,À Risque ⚠️
2745,15121.0,50,2,457.72,4,À Risque ⚠️
2746,15122.0,114,11,4487.27,4,À Risque ⚠️
2747,15123.0,7,5,4656.17,4,À Risque ⚠️
2748,15124.0,23,4,450.82,4,À Risque ⚠️
2749,15125.0,25,24,17024.87,1,Prometteurs 🌱
2750,15126.0,537,2,449.49,0,Perdus 💤
2751,15127.0,66,2,711.5,4,À Risque ⚠️
2752,15128.0,60,5,1783.68,4,À Risque ⚠️
2753,15129.0,50,23,6860.18,1,Prometteurs 🌱
2754,15130.0,170,1,330.11,4,À Risque ⚠️
2755,15131.0,395,1,80.28,0,Perdus 💤
2756,15132.0,18,5,977.9300000000001,4,À Risque ⚠️
2757,15133.0,128,5,1806.9,4,À Risque ⚠️
2758,15134.0,15,10,1596.29,4,À Risque ⚠️
2759,15135.0,239,2,305.68,4,À Risque ⚠️
2760,15136.0,3,4,1286.7,4,À Risque ⚠️
2761,15137.0,521,2,823.4,0,Perdus 💤
2762,15138.0,394,1,502.52,0,Perdus 💤
2763,15139.0,240,2,178.96,4,À Risque ⚠️
2764,15140.0,52,8,3243.69,4,À Risque ⚠️
2765,15141.0,458,7,1388.47,0,Perdus 💤
2766,15142.0,46,6,2619.92,4,À Risque ⚠️
2767,15143.0,226,2,563.63,4,À Risque ⚠️
2768,15144.0,8,29,12160.31,1,Prometteurs 🌱
2769,15145.0,4,4,1194.73,4,À Risque ⚠️
2770,15146.0,165,2,1327.16,4,À Risque ⚠️
2771,15147.0,240,1,623.5,4,À Risque ⚠️
2772,15148.0,11,1,301.29,4,À Risque ⚠️
2773,15149.0,134,5,1554.6100000000001,4,À Risque ⚠️
2774,15150.0,17,13,8977.94,4,À Risque ⚠️
2775,15151.0,423,2,2085.61,0,Perdus 💤
2776,15152.0,10,14,5263.83,4,À Risque ⚠️
2777,15153.0,31,1,329.25,4,À Risque ⚠️
2778,15154.0,75,3,1343.72,4,À Risque ⚠️
2779,15155.0,383,1,383.96999999999997,0,Perdus 💤
2780,15156.0,1,3,961.49,4,À Risque ⚠️
2781,15157.0,4,5,2654.11,4,À Risque ⚠️
2782,15158.0,45,2,606.02,4,À Risque ⚠️
2783,15159.0,2,34,22116.73,1,Prometteurs 🌱
2784,15160.0,357,4,589.27,0,Perdus 💤
2785,15161.0,388,1,119.92,0,Perdus 💤
2786,15162.0,731,1,312.9,0,Perdus 💤
2787,15163.0,18,2,304.47,4,À Risque ⚠️
2788,15164.0,69,9,2028.1100000000001,4,À Risque ⚠️
2789,15165.0,373,1,487.75,0,Perdus 💤
2790,15166.0,468,1,167.16,0,Perdus 💤
2791,15167.0,321,5,1627.62,0,Perdus 💤
2792,15168.0,26,1,106.56,4,À Risque ⚠️
2793,15169.0,382,2,569.22,0,Perdus 💤
2794,15170.0,407,1,81.15,0,Perdus 💤
2795,15171.0,331,1,1289.5,0,Perdus 💤
2796,15172.0,9,5,1624.05,4,À Risque ⚠️
2797,15173.0,381,7,1494.6,0,Perdus 💤
2798,15174.0,323,2,481.46,0,Perdus 💤
2799,15175.0,72,1,224.14,4,À Risque ⚠️
2800,15176.0,668,1,988.04,0,Perdus 💤
2801,15177.0,426,1,948.93,0,Perdus 💤
2802,15178.0,260,1,40.5,4,À Risque ⚠️
2803,15179.0,18,13,7491.92,4,À Risque ⚠️
2804,15180.0,367,3,816.9300000000001,0,Perdus 💤
2805,15181.0,66,5,1200.2,4,À Risque ⚠️
2806,15182.0,154,11,2998.952,4,À Risque ⚠️
2807,15183.0,548,3,639.93,0,Perdus 💤
2808,15184.0,29,4,685.39,4,À Risque ⚠️
2809,15185.0,70,1,310.62,4,À Risque ⚠️
2810,15186.0,14,5,1403.2,4,À Risque ⚠️
2811,15187.0,2,16,4777.18,4,À Risque ⚠️
2812,15188.0,725,1,310.43,0,Perdus 💤
2813,15189.0,1,46,17524.38,1,Prometteurs 🌱
2814,15190.0,434,1,834.4399999999999,0,Perdus 💤
2815,15191.0,463,3,588.05,0,Perdus 💤
2816,15192.0,120,5,1666.39,4,À Risque ⚠️
2817,15193.0,61,1,499.32,4,À Risque ⚠️
2818,15194.0,3,28,12021.53,1,Prometteurs 🌱
2819,15195.0,3,1,3861.0,4,À Risque ⚠️
2820,15196.0,433,2,313.7,0,Perdus 💤
2821,15197.0,11,6,1877.51,4,À Risque ⚠️
2822,15198.0,92,5,571.35,4,À Risque ⚠️
2823,15199.0,59,10,3122.4,4,À Risque ⚠️
2824,15200.0,495,1,549.05,0,Perdus 💤
2825,15201.0,87,7,1842.95,4,À Risque ⚠️
2826,15202.0,420,3,6001.49,0,Perdus 💤
2827,15203.0,26,15,4400.18,4,À Risque ⚠️
2828,15204.0,357,1,316.58,0,Perdus 💤
2829,15205.0,85,2,653.24,4,À Risque ⚠️
2830,15206.0,10,4,420.29999999999995,4,À Risque ⚠️
2831,15207.0,416,3,683.9200000000001,0,Perdus 💤
2832,15208.0,1,6,970.52,4,À Risque ⚠️
2833,15209.0,730,1,178.98000000000002,0,Perdus 💤
2834,15210.0,225,3,1176.19,4,À Risque ⚠️
2835,15211.0,60,2,894.4100000000001,4,À Risque ⚠️
2836,15212.0,241,2,208.28,4,À Risque ⚠️
2837,15213.0,319,2,328.35,0,Perdus 💤
2838,15214.0,2,8,1661.44,4,À Risque ⚠️
2839,15215.0,47,7,2422.43,4,À Risque ⚠️
2840,15216.0,88,2,486.09,4,À Risque ⚠️
2841,15217.0,563,1,426.24,0,Perdus 💤
2842,15218.0,11,22,11468.83,1,Prometteurs 🌱
2843,15219.0,176,2,685.45,4,À Risque ⚠️
2844,15220.0,52,6,1778.96,4,À Risque ⚠️
2845,15221.0,366,4,2062.2000000000003,0,Perdus 💤
2846,15222.0,319,11,3550.91,0,Perdus 💤
2847,15223.0,226,5,1417.95,4,À Risque ⚠️
2848,15224.0,358,5,871.36,0,Perdus 💤
2849,15225.0,234,1,409.40000000000003,4,À Risque ⚠️
2850,15226.0,311,1,154.41,0,Perdus 💤
2851,15227.0,37,9,2488.4900000000002,4,À Risque ⚠️
2852,15228.0,66,6,5580.2699999999995,4,À Risque ⚠️
2853,15229.0,586,1,160.5,0,Perdus 💤
2854,15230.0,239,2,429.6,4,À Risque ⚠️
2855,15231.0,621,1,250.26,0,Perdus 💤
2856,15232.0,113,2,612.06,4,À Risque ⚠️
2857,15233.0,401,1,59.400000000000006,0,Perdus 💤
2858,15234.0,277,1,197.0,0,Perdus 💤
2859,15235.0,218,16,2772.76,4,À Risque ⚠️
2860,15236.0,299,1,321.05,0,Perdus 💤
2861,15237.0,2,4,1412.32,4,À Risque ⚠️
2862,15238.0,29,3,1071.99,4,À Risque ⚠️
2863,15239.0,10,2,780.59,4,À Risque ⚠️
2864,15240.0,45,12,4459.98,4,À Risque ⚠️
2865,15241.0,67,11,3050.16,4,À Risque ⚠️
2866,15242.0,422,1,302.04,0,Perdus 💤
2867,15243.0,74,2,927.2800000000001,4,À Risque ⚠️
2868,15244.0,65,3,912.08,4,À Risque ⚠️
2869,15245.0,134,8,4610.84,4,À Risque ⚠️
2870,15246.0,238,3,780.4,4,À Risque ⚠️
2871,15247.0,122,3,976.06,4,À Risque ⚠️
2872,15248.0,411,3,1893.93,0,Perdus 💤
2873,15249.0,32,18,9266.0,1,Prometteurs 🌱
2874,15250.0,641,1,60.0,0,Perdus 💤
2875,15251.0,9,21,20324.54,1,Prometteurs 🌱
2876,15252.0,36,5,2103.41,4,À Risque ⚠️
2877,15253.0,16,8,2055.09,4,À Risque ⚠️
2878,15254.0,127,3,1088.35,4,À Risque ⚠️
2879,15255.0,67,9,3706.02,4,À Risque ⚠️
2880,15256.0,149,2,170.4,4,À Risque ⚠️
2881,15257.0,283,2,685.9,0,Perdus 💤
2882,15258.0,169,2,623.16,4,À Risque ⚠️
2883,15259.0,513,4,1182.3799999999999,0,Perdus 💤
2884,15260.0,100,25,8767.73,1,Prometteurs 🌱
2885,15261.0,135,4,1508.0,4,À Risque ⚠️
2886,15262.0,324,3,418.82,0,Perdus 💤
2887,15263.0,107,1,156.51,4,À Risque ⚠️
2888,15264.0,64,2,848.4,4,À Risque ⚠️
2889,15265.0,151,4,3345.64,4,À Risque ⚠️
2890,15266.0,338,5,852.21,0,Perdus 💤
2891,15267.0,22,5,1717.36,4,À Risque ⚠️
2892,15268.0,479,3,961.9000000000001,0,Perdus 💤
2893,15269.0,24,3,1225.3600000000001,4,À Risque ⚠️
2894,15270.0,16,21,8524.86,1,Prometteurs 🌱
2895,15271.0,7,24,4528.54,1,Prometteurs 🌱
2896,15272.0,57,6,2030.95,4,À Risque ⚠️
2897,15273.0,600,1,228.96,0,Perdus 💤
2898,15274.0,4,2,716.57,4,À Risque ⚠️
2899,15275.0,38,1,615.14,4,À Risque ⚠️
2900,15276.0,66,4,619.8,4,À Risque ⚠️
2901,15277.0,47,2,476.34,4,À Risque ⚠️
2902,15278.0,562,4,496.15999999999997,0,Perdus 💤
2903,15279.0,355,5,1580.54,0,Perdus 💤
2904,15280.0,172,3,397.52,4,À Risque ⚠️
2905,15281.0,59,16,8543.57,4,À Risque ⚠️
2906,15282.0,570,1,348.59,0,Perdus 💤
2907,15283.0,390,3,148.33,0,Perdus 💤
2908,15284.0,500,1,24.75,0,Perdus 💤
2909,15285.0,408,1,94.92,0,Perdus 💤
2910,15286.0,50,1,240.55,4,À Risque ⚠️
2911,15287.0,22,5,856.03,4,À Risque ⚠️
2912,15288.0,43,10,3715.38,4,À Risque ⚠️
2913,15289.0,29,5,1593.09,4,À Risque ⚠️
2914,15290.0,5,26,10496.28,1,Prometteurs 🌱
2915,15291.0,26,40,13517.76,1,Prometteurs 🌱
2916,15292.0,201,1,178.39,4,À Risque ⚠️
2917,15293.0,666,1,247.5,0,Perdus 💤
2918,15294.0,411,1,233.35,0,Perdus 💤
2919,15295.0,654,1,207.04,0,Perdus 💤
2920,15296.0,51,12,10323.03,4,À Risque ⚠️
2921,15297.0,10,3,641.94,4,À Risque ⚠️
2922,15298.0,2,23,9061.77,1,Prometteurs 🌱
2923,15299.0,67,10,6156.53,4,À Risque ⚠️
2924,15300.0,64,1,496.44,4,À Risque ⚠️
2925,15301.0,51,17,6909.67,4,À Risque ⚠️
2926,15302.0,730,1,308.0,0,Perdus 💤
2927,15303.0,290,3,1224.18,0,Perdus 💤
2928,15304.0,61,9,796.4000000000001,4,À Risque ⚠️
2929,15305.0,555,1,93.6,0,Perdus 💤
2930,15306.0,64,9,3484.73,4,À Risque ⚠️
2931,15307.0,96,1,205.3,4,À Risque ⚠️
2932,15308.0,274,1,310.47,0,Perdus 💤
2933,15309.0,611,4,797.96,0,Perdus 💤
2934,15310.0,479,1,1634.64,0,Perdus 💤
2935,15311.0,1,208,114966.42,2,Loyal Customers 🥈
2936,15312.0,75,12,2930.19,4,À Risque ⚠️
2937,15313.0,110,1,52.0,4,À Risque ⚠️
2938,15314.0,199,3,820.4499999999999,4,À Risque ⚠️
2939,15315.0,64,2,570.5,4,À Risque ⚠️
2940,15316.0,327,1,165.0,0,Perdus 💤
2941,15317.0,677,1,129.75,0,Perdus 💤
2942,15318.0,4,1,312.62,4,À Risque ⚠️
2943,15319.0,284,1,204.5,0,Perdus 💤
2944,15320.0,44,1,267.13,4,À Risque ⚠️
2945,15321.0,71,12,6709.7300000000005,4,À Risque ⚠️
2946,15322.0,86,2,1390.86,4,À Risque ⚠️
2947,15323.0,563,3,434.6,0,Perdus 💤
2948,15324.0,701,1,140.22000000000003,0,Perdus 💤
2949,15325.0,104,8,1601.46,4,À Risque ⚠️
2950,15326.0,334,5,1700.52,0,Perdus 💤
2951,15327.0,53,1,208.75,4,À Risque ⚠️
2952,15328.0,408,1,107.24,0,Perdus 💤
2953,15329.0,39,11,2958.83,4,À Risque ⚠️
2954,15330.0,32,2,714.96,4,À Risque ⚠️
2955,15331.0,500,3,767.91,0,Perdus 💤
2956,15332.0,366,6,4892.68,0,Perdus 💤
2957,15333.0,208,1,1028.56,4,À Risque ⚠️
2958,15334.0,157,3,350.82,4,À Risque ⚠️
2959,15335.0,54,1,170.22,4,À Risque ⚠️
2960,15336.0,402,1,240.5,0,Perdus 💤
2961,15337.0,411,1,373.02,0,Perdus 💤
2962,15338.0,677,1,277.93,0,Perdus 💤
2963,15339.0,66,7,1821.02,4,À Risque ⚠️
2964,15340.0,562,1,105.5,0,Perdus 💤
2965,15341.0,81,2,2402.7200000000003,4,À Risque ⚠️
2966,15342.0,130,1,406.09,4,À Risque ⚠️
2967,15343.0,87,1,364.5,4,À Risque ⚠️
2968,15344.0,1,3,563.94,4,À Risque ⚠️
2969,15345.0,46,1,393.54,4,À Risque ⚠️
2970,15346.0,333,3,596.12,0,Perdus 💤
2971,15347.0,366,4,1162.0,0,Perdus 💤
2972,15348.0,72,1,158.04,4,À Risque ⚠️
2973,15349.0,158,2,463.90999999999997,4,À Risque ⚠️
2974,15350.0,373,2,547.6,0,Perdus 💤
2975,15351.0,12,10,3430.22,4,À Risque ⚠️
2976,15352.0,549,1,111.15,0,Perdus 💤
2977,15353.0,255,7,2794.4700000000003,4,À Risque ⚠️
2978,15354.0,603,3,284.4,0,Perdus 💤
2979,15355.0,29,2,277.05,4,À Risque ⚠️
2980,15356.0,31,13,3239.57,4,À Risque ⚠️
2981,15358.0,5,42,16425.86,1,Prometteurs 🌱
2982,15359.0,663,8,181.35,0,Perdus 💤
2983,15360.0,40,1,427.93,4,À Risque ⚠️
2984,15361.0,362,4,689.07,0,Perdus 💤
2985,15362.0,449,2,613.08,0,Perdus 💤
2986,15363.0,373,2,678.11,0,Perdus 💤
2987,15364.0,96,2,913.19,4,À Risque ⚠️
2988,15365.0,26,13,4557.13,4,À Risque ⚠️
2989,15366.0,75,7,2389.08,4,À Risque ⚠️
2990,15367.0,57,11,5081.33,4,À Risque ⚠️
2991,15368.0,21,2,722.74,4,À Risque ⚠️
2992,15369.0,492,11,6251.26,0,Perdus 💤
2993,15370.0,41,8,3739.01,4,À Risque ⚠️
2994,15371.0,662,1,59.400000000000006,0,Perdus 💤
2995,15372.0,137,8,6017.06,4,À Risque ⚠️
2996,15373.0,8,17,3084.54,4,À Risque ⚠️
2997,15374.0,129,2,307.32,4,À Risque ⚠️
2998,15375.0,690,1,60.959999999999994,0,Perdus 💤
2999,15376.0,40,3,1221.56,4,À Risque ⚠️
3000,15377.0,383,4,1211.75,0,Perdus 💤
3001,15378.0,463,2,246.5,0,Perdus 💤
3002,15379.0,169,8,4877.84,4,À Risque ⚠️
3003,15380.0,9,11,3248.96,4,À Risque ⚠️
3004,15381.0,214,5,1890.5700000000002,4,À Risque ⚠️
3005,15382.0,15,12,13733.550000000001,4,À Risque ⚠️
3006,15384.0,170,4,2027.79,4,À Risque ⚠️
3007,15385.0,40,3,942.08,4,À Risque ⚠️
3008,15386.0,186,1,394.14,4,À Risque ⚠️
3009,15387.0,492,1,468.65,0,Perdus 💤
3010,15388.0,270,1,140.54,0,Perdus 💤
3011,15389.0,172,5,2733.8,4,À Risque ⚠️
3012,15390.0,396,2,1216.66,0,Perdus 💤
3013,15391.0,584,1,289.87,0,Perdus 💤
3014,15392.0,5,7,2911.62,4,À Risque ⚠️
3015,15393.0,16,5,891.34,4,À Risque ⚠️
3016,15394.0,10,11,5286.8,4,À Risque ⚠️
3017,15395.0,326,1,107.45,0,Perdus 💤
3018,15396.0,113,2,796.38,4,À Risque ⚠️
3019,15397.0,290,1,94.0,0,Perdus 💤
3020,15398.0,16,2,1345.53,4,À Risque ⚠️
3021,15399.0,1,3,815.77,4,À Risque ⚠️
3022,15400.0,92,8,1302.3,4,À Risque ⚠️
3023,15401.0,452,2,216.95000000000002,0,Perdus 💤
3024,15402.0,149,6,1830.54,4,À Risque ⚠️
3025,15403.0,492,2,170.88,0,Perdus 💤
3026,15404.0,376,1,257.06,0,Perdus 💤
3027,15405.0,189,2,659.84,4,À Risque ⚠️
3028,15406.0,31,4,975.87,4,À Risque ⚠️
3029,15407.0,34,4,1046.74,4,À Risque ⚠️
3030,15408.0,264,1,267.18,4,À Risque ⚠️
3031,15409.0,721,1,131.25,0,Perdus 💤
3032,15410.0,84,10,4685.72,4,À Risque ⚠️
3033,15411.0,26,4,1348.93,4,À Risque ⚠️
3034,15412.0,171,1,190.53,4,À Risque ⚠️
3035,15413.0,692,5,6798.72,0,Perdus 💤
3036,15414.0,10,3,774.9000000000001,4,À Risque ⚠️
3037,15415.0,313,1,559.61,0,Perdus 💤
3038,15416.0,65,7,4572.82,4,À Risque ⚠️
3039,15417.0,85,1,508.8,4,À Risque ⚠️
3040,15418.0,425,2,449.42,0,Perdus 💤
3041,15419.0,25,1,135.86,4,À Risque ⚠️
3042,15420.0,434,6,743.0,0,Perdus 💤
3043,15421.0,59,10,3805.34,4,À Risque ⚠️
3044,15422.0,323,7,1619.97,0,Perdus 💤
3045,15423.0,38,3,266.89,4,À Risque ⚠️
3046,15424.0,254,3,597.78,4,À Risque ⚠️
3047,15425.0,400,4,1941.1200000000001,0,Perdus 💤
3048,15426.0,19,9,2156.35,4,À Risque ⚠️
3049,15427.0,33,3,1430.54,4,À Risque ⚠️
3050,15428.0,15,4,762.75,4,À Risque ⚠️
3051,15429.0,27,2,397.35,4,À Risque ⚠️
3052,15430.0,468,2,954.75,0,Perdus 💤
3053,15431.0,503,1,153.24,0,Perdus 💤
3054,15432.0,23,2,320.76,4,À Risque ⚠️
3055,15433.0,214,2,533.3,4,À Risque ⚠️
3056,15434.0,8,11,2567.06,4,À Risque ⚠️
3057,15435.0,22,1,149.29,4,À Risque ⚠️
3058,15436.0,12,3,1067.75,4,À Risque ⚠️
3059,15437.0,262,2,393.45,4,À Risque ⚠️
3060,15438.0,131,1,156.57999999999998,4,À Risque ⚠️
3061,15439.0,405,4,1269.05,0,Perdus 💤
3062,15440.0,55,3,383.68,4,À Risque ⚠️
3063,15441.0,396,3,1254.21,0,Perdus 💤
3064,15442.0,249,1,594.0,4,À Risque ⚠️
3065,15443.0,2,14,5114.23,4,À Risque ⚠️
3066,15444.0,9,2,1411.21,4,À Risque ⚠️
3067,15445.0,264,2,284.5,4,À Risque ⚠️
3068,15446.0,377,3,399.75,0,Perdus 💤
3069,15447.0,331,5,492.88,0,Perdus 💤
3070,15448.0,313,2,788.81,0,Perdus 💤
3071,15449.0,26,3,974.52,4,À Risque ⚠️
3072,15450.0,30,1,429.84,4,À Risque ⚠️
3073,15451.0,434,2,226.86,0,Perdus 💤
3074,15452.0,30,6,1785.1100000000001,4,À Risque ⚠️
3075,15453.0,2,7,1371.77,4,À Risque ⚠️
3076,15454.0,362,2,305.99,0,Perdus 💤
3077,15455.0,598,1,38.25,0,Perdus 💤
3078,15456.0,283,10,2091.52,4,À Risque ⚠️
3079,15457.0,262,1,237.07,4,À Risque ⚠️
3080,15458.0,25,2,370.43999999999994,4,À Risque ⚠️
3081,15459.0,417,2,202.82999999999998,0,Perdus 💤
3082,15460.0,354,1,214.26,0,Perdus 💤
3083,15461.0,461,2,429.7,0,Perdus 💤
3084,15462.0,94,4,737.05,4,À Risque ⚠️
3085,15463.0,29,1,126.14,4,À Risque ⚠️
3086,15464.0,338,1,1044.65,0,Perdus 💤
3087,15465.0,20,32,12100.4,1,Prometteurs 🌱
3088,15466.0,85,4,1560.46,4,À Risque ⚠️
3089,15467.0,9,3,524.88,4,À Risque ⚠️
3090,15468.0,51,3,1430.48,4,À Risque ⚠️
3091,15469.0,50,3,874.25,4,À Risque ⚠️
3092,15470.0,576,1,63.419999999999995,0,Perdus 💤
3093,15471.0,2,3,1292.01,4,À Risque ⚠️
3094,15472.0,113,1,371.56,4,À Risque ⚠️
3095,15473.0,14,8,2046.0,4,À Risque ⚠️
3096,15474.0,596,1,150.35,0,Perdus 💤
3097,15475.0,77,1,454.10999999999996,4,À Risque ⚠️
3098,15476.0,380,4,2209.98,0,Perdus 💤
3099,15477.0,650,1,368.4,0,Perdus 💤
3100,15478.0,40,3,1983.48,4,À Risque ⚠️
3101,15479.0,733,1,147.4,0,Perdus 💤
3102,15480.0,116,5,6279.0,4,À Risque ⚠️
3103,15481.0,401,1,1993.34,0,Perdus 💤
3104,15482.0,16,19,14417.36,1,Prometteurs 🌱
3105,15483.0,161,10,817.8199999999999,4,À Risque ⚠️
3106,15484.0,1,6,4652.1,4,À Risque ⚠️
3107,15485.0,30,7,4810.92,4,À Risque ⚠️
3108,15486.0,527,1,102.0,0,Perdus 💤
3109,15487.0,680,1,231.32,0,Perdus 💤
3110,15488.0,93,5,431.92,4,À Risque ⚠️
3111,15489.0,23,8,2419.61,4,À Risque ⚠️
3112,15490.0,430,1,210.85,0,Perdus 💤
3113,15491.0,95,6,3100.09,4,À Risque ⚠️
3114,15492.0,28,2,659.4599999999999,4,À Risque ⚠️
3115,15493.0,33,9,4121.68,4,À Risque ⚠️
3116,15494.0,21,5,3702.6,4,À Risque ⚠️
3117,15495.0,379,1,246.5,0,Perdus 💤
3118,15496.0,631,1,146.14000000000001,0,Perdus 💤
3119,15497.0,18,9,8657.39,4,À Risque ⚠️
3120,15498.0,3,44,24972.86,1,Prometteurs 🌱
3121,15499.0,724,1,158.65,0,Perdus 💤
3122,15500.0,8,4,1131.56,4,À Risque ⚠️
3123,15501.0,405,2,399.95,0,Perdus 💤
3124,15502.0,16,14,13003.869999999999,4,À Risque ⚠️
3125,15503.0,363,2,257.3,0,Perdus 💤
3126,15504.0,81,4,402.7,4,À Risque ⚠️
3127,15505.0,53,5,3610.96,4,À Risque ⚠️
3128,15506.0,23,6,2030.33,4,À Risque ⚠️
3129,15507.0,172,1,475.86,4,À Risque ⚠️
3130,15508.0,189,6,1000.27,4,À Risque ⚠️
3131,15509.0,380,1,152.41,0,Perdus 💤
3132,15510.0,331,1,250.0,0,Perdus 💤
3133,15511.0,12,5,900.53,4,À Risque ⚠️
3134,15512.0,156,4,331.58,4,À Risque ⚠️
3135,15513.0,33,35,26437.05,1,Prometteurs 🌱
3136,15514.0,12,18,6392.06,1,Prometteurs 🌱
3137,15515.0,387,1,171.81,0,Perdus 💤
3138,15516.0,45,3,62.43,4,À Risque ⚠️
3139,15517.0,233,1,267.03,4,À Risque ⚠️
3140,15518.0,64,15,4189.99,4,À Risque ⚠️
3141,15519.0,383,2,344.61,0,Perdus 💤
3142,15520.0,2,1,343.5,4,À Risque ⚠️
3143,15521.0,40,16,7098.24,4,À Risque ⚠️
3144,15522.0,33,2,397.99,4,À Risque ⚠️
3145,15523.0,84,16,17259.19,1,Prometteurs 🌱
3146,15524.0,25,2,591.4,4,À Risque ⚠️
3147,15525.0,2,4,890.22,4,À Risque ⚠️
3148,15526.0,33,2,148.44,4,À Risque ⚠️
3149,15527.0,19,23,5554.89,1,Prometteurs 🌱
3150,15528.0,254,1,229.33,4,À Risque ⚠️
3151,15529.0,23,12,4783.66,4,À Risque ⚠️
3152,15530.0,22,5,1808.68,4,À Risque ⚠️
3153,15531.0,8,2,1972.39,4,À Risque ⚠️
3154,15532.0,25,10,3738.85,4,À Risque ⚠️
3155,15533.0,19,3,807.57,4,À Risque ⚠️
3156,15534.0,726,1,162.25,0,Perdus 💤
3157,15535.0,173,6,1044.3700000000001,4,À Risque ⚠️
3158,15536.0,409,1,259.09,0,Perdus 💤
3159,15537.0,163,1,110.92,4,À Risque ⚠️
3160,15538.0,538,6,3358.3999999999996,0,Perdus 💤
3161,15539.0,7,1,538.46,4,À Risque ⚠️
3162,15540.0,11,2,460.68,4,À Risque ⚠️
3163,15541.0,114,1,85.13000000000001,4,À Risque ⚠️
3164,15542.0,512,3,855.71,0,Perdus 💤
3165,15543.0,288,2,242.26,0,Perdus 💤
3166,15544.0,9,20,7807.89,1,Prometteurs 🌱
3167,15545.0,54,2,288.96999999999997,4,À Risque ⚠️
3168,15546.0,607,2,1079.1000000000001,0,Perdus 💤
3169,15547.0,7,26,10057.05,1,Prometteurs 🌱
3170,15548.0,596,1,158.09,0,Perdus 💤
3171,15549.0,77,8,2334.16,4,À Risque ⚠️
3172,15550.0,4,12,2211.05,4,À Risque ⚠️
3173,15551.0,37,7,1679.81,4,À Risque ⚠️
3174,15552.0,217,2,252.52,4,À Risque ⚠️
3175,15553.0,60,1,428.93,4,À Risque ⚠️
3176,15554.0,278,1,217.2,0,Perdus 💤
3177,15555.0,12,36,11243.91,1,Prometteurs 🌱
3178,15556.0,24,1,279.77,4,À Risque ⚠️
3179,15557.0,29,1,468.91,4,À Risque ⚠️
3180,15558.0,639,1,202.68,0,Perdus 💤
3181,15559.0,568,1,1109.4,0,Perdus 💤
3182,15560.0,398,2,153.52,0,Perdus 💤
3183,15561.0,12,8,1934.3899999999999,4,À Risque ⚠️
3184,15562.0,352,3,671.4300000000001,0,Perdus 💤
3185,15563.0,22,7,2859.46,4,À Risque ⚠️
3186,15564.0,463,2,70.74000000000001,0,Perdus 💤
3187,15565.0,50,2,173.16,4,À Risque ⚠️
3188,15566.0,393,2,227.87,0,Perdus 💤
3189,15567.0,19,1,186.01,4,À Risque ⚠️
3190,15568.0,3,3,758.29,4,À Risque ⚠️
3191,15569.0,104,10,3583.45,4,À Risque ⚠️
3192,15570.0,7,25,8736.49,1,Prometteurs 🌱
3193,15571.0,12,14,3892.35,4,À Risque ⚠️
3194,15572.0,5,10,3965.2,4,À Risque ⚠️
3195,15573.0,32,5,1188.42,4,À Risque ⚠️
3196,15574.0,178,6,1101.44,4,À Risque ⚠️
3197,15575.0,620,1,30.1,0,Perdus 💤
3198,15576.0,38,1,921.37,4,À Risque ⚠️
3199,15577.0,151,5,396.03000000000003,4,À Risque ⚠️
3200,15578.0,162,1,127.1,4,À Risque ⚠️
3201,15579.0,69,5,1250.63,4,À Risque ⚠️
3202,15580.0,377,8,1375.39,0,Perdus 💤
3203,15581.0,121,38,7480.4,1,Prometteurs 🌱
3204,15582.0,25,3,682.9100000000001,4,À Risque ⚠️
3205,15583.0,376,1,95.96,0,Perdus 💤
3206,15584.0,24,6,1268.2,4,À Risque ⚠️
3207,15585.0,177,1,455.3,4,À Risque ⚠️
3208,15586.0,593,3,1139.1,0,Perdus 💤
3209,15587.0,50,7,1522.0800000000002,4,À Risque ⚠️
3210,15588.0,678,1,579.6,0,Perdus 💤
3211,15589.0,256,3,478.53000000000003,4,À Risque ⚠️
3212,15590.0,382,5,1496.6,0,Perdus 💤
3213,15591.0,583,3,217.9,0,Perdus 💤
3214,15592.0,47,1,388.58,4,À Risque ⚠️
3215,15593.0,71,1,199.8,4,À Risque ⚠️
3216,15594.0,16,5,1771.78,4,À Risque ⚠️
3217,15595.0,488,1,357.6,0,Perdus 💤
3218,15596.0,101,9,2727.72,4,À Risque ⚠️
3219,15597.0,35,2,563.37,4,À Risque ⚠️
3220,15598.0,53,2,548.02,4,À Risque ⚠️
3221,15599.0,27,3,1250.06,4,À Risque ⚠️
3222,15600.0,428,4,1199.31,0,Perdus 💤
3223,15601.0,11,30,14191.74,1,Prometteurs 🌱
3224,15602.0,8,16,3137.96,4,À Risque ⚠️
3225,15603.0,79,2,88.48,4,À Risque ⚠️
3226,15604.0,52,1,216.39,4,À Risque ⚠️
3227,15605.0,36,9,1741.95,4,À Risque ⚠️
3228,15606.0,61,17,5230.99,4,À Risque ⚠️
3229,15607.0,337,9,1708.97,0,Perdus 💤
3230,15608.0,28,5,1785.98,4,À Risque ⚠️
3231,15609.0,184,1,298.48,4,À Risque ⚠️
3232,15610.0,52,1,112.46000000000001,4,À Risque ⚠️
3233,15611.0,10,26,2997.28,1,Prometteurs 🌱
3234,15612.0,36,2,195.15,4,À Risque ⚠️
3235,15613.0,610,1,433.71999999999997,0,Perdus 💤
3236,15614.0,438,4,3147.36,0,Perdus 💤
3237,15615.0,10,47,21373.97,1,Prometteurs 🌱
3238,15616.0,438,1,317.11,0,Perdus 💤
3239,15617.0,396,3,828.5500000000001,0,Perdus 💤
3240,15618.0,33,4,776.851,4,À Risque ⚠️
3241,15619.0,11,1,336.40000000000003,4,À Risque ⚠️
3242,15620.0,57,4,1942.36,4,À Risque ⚠️
3243,15621.0,4,4,1293.03,4,À Risque ⚠️
3244,15622.0,43,17,7852.61,1,Prometteurs 🌱
3245,15623.0,141,8,2437.05,4,À Risque ⚠️
3246,15624.0,117,4,588.13,4,À Risque ⚠️
3247,15625.0,104,9,3236.4,4,À Risque ⚠️
3248,15626.0,75,3,1067.52,4,À Risque ⚠️
3249,15627.0,457,2,566.9,0,Perdus 💤
3250,15628.0,5,17,5333.08,4,À Risque ⚠️
3251,15629.0,450,4,2240.9,0,Perdus 💤
3252,15630.0,45,3,1481.4,4,À Risque ⚠️
3253,15631.0,642,1,596.67,0,Perdus 💤
3254,15632.0,16,8,3285.31,4,À Risque ⚠️
3255,15633.0,509,13,4335.96,0,Perdus 💤
3256,15634.0,17,2,554.65,4,À Risque ⚠️
3257,15635.0,396,1,100.35,0,Perdus 💤
3258,15636.0,90,4,1444.58,4,À Risque ⚠️
3259,15637.0,53,5,797.59,4,À Risque ⚠️
3260,15638.0,379,6,2265.2,0,Perdus 💤
3261,15639.0,134,3,1065.08,4,À Risque ⚠️
3262,15640.0,4,29,23494.31,1,Prometteurs 🌱
3263,15641.0,105,12,5345.55,4,À Risque ⚠️
3264,15642.0,730,1,105.78000000000002,0,Perdus 💤
3265,15643.0,192,3,664.0,4,À Risque ⚠️
3266,15644.0,166,4,803.54,4,À Risque ⚠️
3267,15645.0,19,3,1055.17,4,À Risque ⚠️
3268,15646.0,158,5,784.8100000000001,4,À Risque ⚠️
3269,15647.0,415,1,169.0,0,Perdus 💤
3270,15648.0,204,2,639.5,4,À Risque ⚠️
3271,15649.0,336,4,1660.35,0,Perdus 💤
3272,15650.0,522,2,553.88,0,Perdus 💤
3273,15651.0,37,5,1259.06,4,À Risque ⚠️
3274,15652.0,91,5,1405.94,4,À Risque ⚠️
3275,15653.0,93,2,877.4399999999999,4,À Risque ⚠️
3276,15654.0,9,2,922.53,4,À Risque ⚠️
3277,15655.0,243,1,560.67,4,À Risque ⚠️
3278,15656.0,45,4,748.5,4,À Risque ⚠️
3279,15657.0,23,1,30.0,4,À Risque ⚠️
3280,15658.0,190,8,2117.27,4,À Risque ⚠️
3281,15659.0,44,3,532.49,4,À Risque ⚠️
3282,15660.0,25,15,2603.69,4,À Risque ⚠️
3283,15661.0,317,8,1215.95,0,Perdus 💤
3284,15662.0,661,2,283.73,0,Perdus 💤
3285,15663.0,106,1,138.14,4,À Risque ⚠️
3286,15664.0,51,4,1254.03,4,À Risque ⚠️
3287,15665.0,168,5,3987.07,4,À Risque ⚠️
3288,15666.0,472,2,632.9399999999999,0,Perdus 💤
3289,15667.0,40,1,301.32,4,À Risque ⚠️
3290,15668.0,218,1,76.32000000000001,4,À Risque ⚠️
3291,15669.0,40,4,684.34,4,À Risque ⚠️
3292,15670.0,297,2,325.2,0,Perdus 💤
3293,15671.0,19,7,2657.13,4,À Risque ⚠️
3294,15672.0,725,1,45.300000000000004,0,Perdus 💤
3295,15673.0,88,9,6204.32,4,À Risque ⚠️
3296,15674.0,73,13,6948.2300000000005,4,À Risque ⚠️
3297,15675.0,81,4,542.04,4,À Risque ⚠️
3298,15676.0,19,3,3435.76,4,À Risque ⚠️
3299,15677.0,49,3,1305.63,4,À Risque ⚠️
3300,15678.0,53,3,1825.94,4,À Risque ⚠️
3301,15679.0,24,4,781.28,4,À Risque ⚠️
3302,15680.0,9,10,4028.69,4,À Risque ⚠️
3303,15681.0,25,14,2989.7,4,À Risque ⚠️
3304,15682.0,599,2,318.24,0,Perdus 💤
3305,15683.0,117,2,524.54,4,À Risque ⚠️
3306,15684.0,547,3,173.95,0,Perdus 💤
3307,15685.0,450,1,55.980000000000004,0,Perdus 💤
3308,15686.0,420,1,90.0,0,Perdus 💤
3309,15687.0,9,9,2993.1,4,À Risque ⚠️
3310,15688.0,419,1,190.57,0,Perdus 💤
3311,15689.0,120,3,521.03,4,À Risque ⚠️
3312,15690.0,4,2,239.76,4,À Risque ⚠️
3313,15691.0,252,4,571.3,4,À Risque ⚠️
3314,15692.0,28,1,191.04,4,À Risque ⚠️
3315,15693.0,659,1,37.5,0,Perdus 💤
3316,15694.0,1,24,9978.48,1,Prometteurs 🌱
3317,15695.0,267,4,1131.04,4,À Risque ⚠️
3318,15696.0,33,13,3881.2200000000003,4,À Risque ⚠️
3319,15697.0,690,1,246.75,0,Perdus 💤
3320,15698.0,624,1,46.2,0,Perdus 💤
3321,15699.0,18,1,309.65,4,À Risque ⚠️
3322,15700.0,172,2,696.68,4,À Risque ⚠️
3323,15701.0,2,4,1529.0,4,À Risque ⚠️
3324,15702.0,476,2,140.39000000000001,0,Perdus 💤
3325,15703.0,265,1,211.5,4,À Risque ⚠️
3326,15704.0,140,6,3734.6600000000003,4,À Risque ⚠️
3327,15705.0,201,1,143.1,4,À Risque ⚠️
3328,15706.0,64,4,1060.56,4,À Risque ⚠️
3329,15707.0,35,4,916.98,4,À Risque ⚠️
3330,15708.0,41,9,3887.15,4,À Risque ⚠️
3331,15709.0,284,2,327.85,0,Perdus 💤
3332,15710.0,417,1,898.87,0,Perdus 💤
3333,15711.0,557,2,420.25,0,Perdus 💤
3334,15712.0,9,12,3472.4100000000003,4,À Risque ⚠️
3335,15713.0,143,4,839.64,4,À Risque ⚠️
3336,15714.0,12,5,783.96,4,À Risque ⚠️
3337,15715.0,556,5,658.02,0,Perdus 💤
3338,15716.0,146,11,2485.26,4,À Risque ⚠️
3339,15717.0,234,5,607.0,4,À Risque ⚠️
3340,15718.0,540,1,293.79,0,Perdus 💤
3341,15719.0,33,31,10195.97,1,Prometteurs 🌱
3342,15720.0,24,2,739.22,4,À Risque ⚠️
3343,15721.0,12,1,471.40000000000003,4,À Risque ⚠️
3344,15722.0,36,11,5234.0,4,À Risque ⚠️
3345,15723.0,365,4,930.7,0,Perdus 💤
3346,15724.0,201,3,310.85,4,À Risque ⚠️
3347,15725.0,15,1,415.25,4,À Risque ⚠️
3348,15726.0,390,1,321.91,0,Perdus 💤
3349,15727.0,17,15,9371.71,4,À Risque ⚠️
3350,15728.0,380,2,544.6,0,Perdus 💤
3351,15729.0,213,3,192.55,4,À Risque ⚠️
3352,15730.0,66,5,1726.58,4,À Risque ⚠️
3353,15731.0,554,1,125.3,0,Perdus 💤
3354,15732.0,212,10,1543.97,4,À Risque ⚠️
3355,15733.0,283,1,162.3,0,Perdus 💤
3356,15734.0,115,4,2263.3,4,À Risque ⚠️
3357,15735.0,421,1,327.68,0,Perdus 💤
3358,15736.0,435,2,1767.12,0,Perdus 💤
3359,15737.0,15,8,1188.1200000000001,4,À Risque ⚠️
3360,15738.0,19,41,13043.32,1,Prometteurs 🌱
3361,15739.0,66,1,449.12,4,À Risque ⚠️
3362,15740.0,49,1,154.88,4,À Risque ⚠️
3363,15741.0,458,2,208.62,0,Perdus 💤
3364,15742.0,619,1,156.87,0,Perdus 💤
3365,15743.0,16,4,775.96,4,À Risque ⚠️
3366,15744.0,78,1,34.8,4,À Risque ⚠️
3367,15745.0,19,4,1094.59,4,À Risque ⚠️
3368,15746.0,134,1,196.88,4,À Risque ⚠️
3369,15747.0,13,9,2499.81,4,À Risque ⚠️
3370,15748.0,40,3,609.8100000000001,4,À Risque ⚠️
3371,15749.0,235,3,44534.3,4,À Risque ⚠️
3372,15750.0,3,18,6452.991,1,Prometteurs 🌱
3373,15751.0,461,11,1380.44,0,Perdus 💤
3374,15752.0,40,9,3924.91,4,À Risque ⚠️
3375,15753.0,305,1,79.2,0,Perdus 💤
3376,15754.0,51,9,3037.61,4,À Risque ⚠️
3377,15755.0,10,17,5993.12,4,À Risque ⚠️
3378,15756.0,61,4,528.01,4,À Risque ⚠️
3379,15757.0,66,6,2940.36,4,À Risque ⚠️
3380,15758.0,25,1,205.25,4,À Risque ⚠️
3381,15759.0,218,7,830.9300000000001,4,À Risque ⚠️
3382,15760.0,631,2,13916.34,0,Perdus 💤
3383,15761.0,443,1,143.05,0,Perdus 💤
3384,15762.0,65,2,583.75,4,À Risque ⚠️
3385,15763.0,32,2,1086.92,4,À Risque ⚠️
3386,15764.0,88,8,4503.08,4,À Risque ⚠️
3387,15765.0,667,1,370.63,0,Perdus 💤
3388,15766.0,64,3,831.06,4,À Risque ⚠️
3389,15768.0,116,34,15308.89,1,Prometteurs 🌱
3390,15769.0,7,46,88612.52,1,Prometteurs 🌱
3391,15770.0,613,1,321.45,0,Perdus 💤
3392,15771.0,604,3,1006.54,0,Perdus 💤
3393,15772.0,418,1,280.88,0,Perdus 💤
3394,15773.0,6,2,774.52,4,À Risque ⚠️
3395,15774.0,69,6,1288.34,4,À Risque ⚠️
3396,15775.0,245,2,150.5,4,À Risque ⚠️
3397,15776.0,133,1,241.62,4,À Risque ⚠️
3398,15777.0,241,7,1762.61,4,À Risque ⚠️
3399,15778.0,431,1,307.95,0,Perdus 💤
3400,15779.0,463,2,124.08000000000001,0,Perdus 💤
3401,15780.0,184,3,475.28000000000003,4,À Risque ⚠️
3402,15781.0,25,3,345.46,4,À Risque ⚠️
3403,15782.0,10,4,4014.1,4,À Risque ⚠️
3404,15783.0,11,1,246.3,4,À Risque ⚠️
3405,15784.0,468,2,848.3299999999999,0,Perdus 💤
3406,15785.0,33,16,5969.93,4,À Risque ⚠️
3407,15786.0,46,5,8501.62,4,À Risque ⚠️
3408,15787.0,26,3,933.26,4,À Risque ⚠️
3409,15788.0,509,1,221.82999999999998,0,Perdus 💤
3410,15789.0,358,6,1962.01,0,Perdus 💤
3411,15790.0,10,1,218.75,4,À Risque ⚠️
3412,15791.0,44,5,3608.34,4,À Risque ⚠️
3413,15792.0,400,2,933.84,0,Perdus 💤
3414,15793.0,15,8,2399.57,4,À Risque ⚠️
3415,15794.0,736,2,777.0,0,Perdus 💤
3416,15795.0,150,8,1979.8700000000001,4,À Risque ⚠️
3417,15796.0,1,17,5171.63,4,À Risque ⚠️
3418,15797.0,113,6,2821.08,4,À Risque ⚠️
3419,15798.0,493,3,1535.37,0,Perdus 💤
3420,15799.0,76,4,1421.34,4,À Risque ⚠️
3421,15800.0,107,7,1227.07,4,À Risque ⚠️
3422,15801.0,46,3,1063.95,4,À Risque ⚠️
3423,15802.0,143,1,451.42,4,À Risque ⚠️
3424,15803.0,51,4,1929.66,4,À Risque ⚠️
3425,15804.0,1,13,4206.39,4,À Risque ⚠️
3426,15805.0,23,30,10148.93,1,Prometteurs 🌱
3427,15806.0,46,3,784.58,4,À Risque ⚠️
3428,15807.0,50,5,1817.52,4,À Risque ⚠️
3429,15808.0,306,21,17180.25,1,Prometteurs 🌱
3430,15809.0,36,7,1274.44,4,À Risque ⚠️
3431,15810.0,79,8,2999.04,4,À Risque ⚠️
3432,15811.0,22,7,3486.15,4,À Risque ⚠️
3433,15812.0,107,12,5201.47,4,À Risque ⚠️
3434,15813.0,208,2,1303.9099999999999,4,À Risque ⚠️
3435,15814.0,17,6,2634.44,4,À Risque ⚠️
3436,15815.0,64,5,2100.6,4,À Risque ⚠️
3437,15816.0,542,2,144.14999999999998,0,Perdus 💤
3438,15817.0,421,3,2766.4,0,Perdus 💤
3439,15818.0,588,1,340.5,0,Perdus 💤
3440,15819.0,49,10,3934.79,4,À Risque ⚠️
3441,15820.0,320,1,206.98,0,Perdus 💤
3442,15821.0,44,2,570.96,4,À Risque ⚠️
3443,15822.0,3,6,1840.06,4,À Risque ⚠️
3444,15823.0,372,3,3882.17,0,Perdus 💤
3445,15824.0,453,2,890.94,0,Perdus 💤
3446,15825.0,172,1,532.94,4,À Risque ⚠️
3447,15826.0,56,4,2598.28,4,À Risque ⚠️
3448,15827.0,73,28,3603.14,1,Prometteurs 🌱
3449,15828.0,375,1,1108.82,0,Perdus 💤
3450,15829.0,99,2,636.14,4,À Risque ⚠️
3451,15830.0,38,1,576.0,4,À Risque ⚠️
3452,15831.0,58,3,794.64,4,À Risque ⚠️
3453,15832.0,254,1,836.79,4,À Risque ⚠️
3454,15833.0,738,1,80.4,0,Perdus 💤
3455,15834.0,70,7,3764.39,4,À Risque ⚠️
3456,15835.0,44,4,954.09,4,À Risque ⚠️
3457,15836.0,50,1,137.37,4,À Risque ⚠️
3458,15837.0,65,2,777.01,4,À Risque ⚠️
3459,15838.0,11,34,73205.5,1,Prometteurs 🌱
3460,15839.0,33,3,1048.49,4,À Risque ⚠️
3461,15840.0,59,2,355.56,4,À Risque ⚠️
3462,15841.0,73,9,2742.41,4,À Risque ⚠️
3463,15842.0,393,2,548.8,0,Perdus 💤
3464,15843.0,304,1,118.95000000000002,0,Perdus 💤
3465,15844.0,46,1,130.73999999999998,4,À Risque ⚠️
3466,15845.0,18,11,4426.28,4,À Risque ⚠️
3467,15846.0,385,1,107.01,0,Perdus 💤
3468,15847.0,38,5,822.57,4,À Risque ⚠️
3469,15848.0,622,1,137.99,0,Perdus 💤
3470,15850.0,19,6,1006.75,4,À Risque ⚠️
3471,15851.0,527,1,109.73,0,Perdus 💤
3472,15852.0,187,3,257.26,4,À Risque ⚠️
3473,15853.0,52,1,110.8,4,À Risque ⚠️
3474,15854.0,4,21,5578.28,1,Prometteurs 🌱
3475,15855.0,137,6,1052.72,4,À Risque ⚠️
3476,15856.0,4,52,32275.95,1,Prometteurs 🌱
3477,15857.0,19,2,570.48,4,À Risque ⚠️
3478,15858.0,16,13,3552.41,4,À Risque ⚠️
3479,15859.0,432,1,438.46,0,Perdus 💤
3480,15860.0,41,17,2361.3,4,À Risque ⚠️
3481,15861.0,12,12,4369.2,4,À Risque ⚠️
3482,15862.0,8,13,2512.29,4,À Risque ⚠️
3483,15863.0,26,5,355.1,4,À Risque ⚠️
3484,15864.0,22,7,2180.76,4,À Risque ⚠️
3485,15865.0,41,5,2241.42,4,À Risque ⚠️
3486,15866.0,101,1,211.89,4,À Risque ⚠️
3487,15867.0,5,31,8923.3,1,Prometteurs 🌱
3488,15868.0,583,1,94.53,0,Perdus 💤
3489,15869.0,277,3,321.11,0,Perdus 💤
3490,15870.0,33,4,857.46,4,À Risque ⚠️
3491,15871.0,437,1,33.099999999999994,0,Perdus 💤
3492,15872.0,15,4,729.25,4,À Risque ⚠️
3493,15873.0,500,4,313.91999999999996,0,Perdus 💤
3494,15874.0,64,21,11284.76,1,Prometteurs 🌱
3495,15875.0,646,1,108.52,0,Perdus 💤
3496,15876.0,409,2,1449.1399999999999,0,Perdus 💤
3497,15877.0,2,2,490.33,4,À Risque ⚠️
3498,15878.0,562,2,330.77,0,Perdus 💤
3499,15879.0,404,4,1137.8,0,Perdus 💤
3500,15880.0,369,1,329.03000000000003,0,Perdus 💤
3501,15881.0,312,5,501.39000000000004,0,Perdus 💤
3502,15882.0,199,8,1124.66,4,À Risque ⚠️
3503,15883.0,2,2,396.48,4,À Risque ⚠️
3504,15884.0,432,2,244.60000000000002,0,Perdus 💤
3505,15885.0,93,15,1951.82,4,À Risque ⚠️
3506,15886.0,60,4,1052.8700000000001,4,À Risque ⚠️
3507,15887.0,407,3,1027.15,0,Perdus 💤
3508,15888.0,81,3,429.16,4,À Risque ⚠️
3509,15889.0,157,8,1427.6,4,À Risque ⚠️
3510,15890.0,395,5,535.65,0,Perdus 💤
3511,15891.0,227,1,511.68,4,À Risque ⚠️
3512,15892.0,669,1,128.2,0,Perdus 💤
3513,15893.0,482,1,305.28000000000003,0,Perdus 💤
3514,15894.0,253,2,258.25,4,À Risque ⚠️
3515,15895.0,150,1,179.17,4,À Risque ⚠️
3516,15897.0,194,2,208.59,4,À Risque ⚠️
3517,15898.0,1,25,4996.45,1,Prometteurs 🌱
3518,15899.0,369,1,56.25,0,Perdus 💤
3519,15900.0,24,4,886.5699999999999,4,À Risque ⚠️
3520,15901.0,17,7,687.72,4,À Risque ⚠️
3521,15902.0,380,1,145.01,0,Perdus 💤
3522,15903.0,10,12,8939.84,4,À Risque ⚠️
3523,15904.0,8,1,164.68,4,À Risque ⚠️
3524,15905.0,543,1,114.69,0,Perdus 💤
3525,15906.0,20,10,2530.19,4,À Risque ⚠️
3526,15907.0,4,3,882.72,4,À Risque ⚠️
3527,15908.0,491,2,758.62,0,Perdus 💤
3528,15909.0,174,1,191.94,4,À Risque ⚠️
3529,15910.0,1,15,2661.17,4,À Risque ⚠️
3530,15911.0,624,8,1700.24,0,Perdus 💤
3531,15912.0,178,9,1074.7,4,À Risque ⚠️
3532,15913.0,534,1,6.300000000000001,0,Perdus 💤
3533,15914.0,378,2,205.99,0,Perdus 💤
3534,15915.0,402,1,364.45,0,Perdus 💤
3535,15916.0,16,13,3145.2400000000002,4,À Risque ⚠️
3536,15917.0,248,5,530.17,4,À Risque ⚠️
3537,15918.0,191,3,582.88,4,À Risque ⚠️
3538,15919.0,20,2,525.69,4,À Risque ⚠️
3539,15920.0,154,9,569.14,4,À Risque ⚠️
3540,15921.0,173,4,775.26,4,À Risque ⚠️
3541,15922.0,373,1,369.5,0,Perdus 💤
3542,15923.0,373,1,127.08,0,Perdus 💤
3543,15924.0,731,1,102.82,0,Perdus 💤
3544,15925.0,194,1,207.15,4,À Risque ⚠️
3545,15926.0,542,1,134.44,0,Perdus 💤
3546,15927.0,647,1,106.54,0,Perdus 💤
3547,15928.0,656,1,293.53,0,Perdus 💤
3548,15929.0,644,1,594.0,0,Perdus 💤
3549,15930.0,67,1,426.63,4,À Risque ⚠️
3550,15931.0,428,1,239.9,0,Perdus 💤
3551,15932.0,4,8,2495.87,4,À Risque ⚠️
3552,15933.0,21,3,1107.46,4,À Risque ⚠️
3553,15934.0,418,2,2190.66,0,Perdus 💤
3554,15935.0,239,2,416.86,4,À Risque ⚠️
3555,15936.0,379,2,282.79,0,Perdus 💤
3556,15937.0,64,1,145.35,4,À Risque ⚠️
3557,15938.0,112,9,734.81,4,À Risque ⚠️
3558,15939.0,90,16,9060.39,4,À Risque ⚠️
3559,15940.0,311,1,35.8,0,Perdus 💤
3560,15941.0,637,1,405.0,0,Perdus 💤
3561,15942.0,134,1,337.44,4,À Risque ⚠️
3562,15943.0,650,2,271.28999999999996,0,Perdus 💤
3563,15944.0,277,4,2164.24,0,Perdus 💤
3564,15945.0,365,4,646.27,0,Perdus 💤
3565,15946.0,503,3,2304.18,0,Perdus 💤
3566,15947.0,83,1,1708.24,4,À Risque ⚠️
3567,15948.0,8,3,1509.0900000000001,4,À Risque ⚠️
3568,15949.0,17,2,364.72,4,À Risque ⚠️
3569,15950.0,32,10,7120.91,4,À Risque ⚠️
3570,15951.0,9,3,1013.17,4,À Risque ⚠️
3571,15952.0,34,4,781.91,4,À Risque ⚠️
3572,15953.0,15,18,3440.3399999999997,4,À Risque ⚠️
3573,15954.0,589,1,190.75,0,Perdus 💤
3574,15955.0,24,22,8085.9800000000005,1,Prometteurs 🌱
3575,15956.0,551,2,617.6,0,Perdus 💤
3576,15957.0,32,3,921.25,4,À Risque ⚠️
3577,15958.0,74,4,462.12,4,À Risque ⚠️
3578,15959.0,682,3,542.89,0,Perdus 💤
3579,15960.0,374,4,410.95,0,Perdus 💤
3580,15961.0,379,1,451.28999999999996,0,Perdus 💤
3581,15962.0,449,1,289.48,0,Perdus 💤
3582,15963.0,20,2,470.76,4,À Risque ⚠️
3583,15964.0,663,1,269.21000000000004,0,Perdus 💤
3584,15965.0,17,13,2771.94,4,À Risque ⚠️
3585,15966.0,451,1,426.53000000000003,0,Perdus 💤
3586,15967.0,23,12,2966.0,4,À Risque ⚠️
3587,15968.0,388,1,404.55,0,Perdus 💤
3588,15969.0,3,5,1127.05,4,À Risque ⚠️
3589,15970.0,304,2,1017.32,0,Perdus 💤
3590,15971.0,18,18,5902.83,1,Prometteurs 🌱
3591,15972.0,456,5,1769.33,0,Perdus 💤
3592,15973.0,367,3,680.62,0,Perdus 💤
3593,15974.0,39,7,3442.15,4,À Risque ⚠️
3594,15975.0,84,1,371.01,4,À Risque ⚠️
3595,15976.0,165,6,1694.41,4,À Risque ⚠️
3596,15977.0,17,2,1054.73,4,À Risque ⚠️
3597,15978.0,77,3,3279.42,4,À Risque ⚠️
3598,15979.0,603,1,329.22,0,Perdus 💤
3599,15980.0,89,7,6543.68,4,À Risque ⚠️
3600,15981.0,25,21,9362.77,1,Prometteurs 🌱
3601,15982.0,605,1,324.51,0,Perdus 💤
3602,15983.0,22,8,3110.37,4,À Risque ⚠️
3603,15984.0,3,30,8393.02,1,Prometteurs 🌱
3604,15985.0,123,7,2715.28,4,À Risque ⚠️
3605,15986.0,30,2,354.42,4,À Risque ⚠️
3606,15987.0,12,8,1535.99,4,À Risque ⚠️
3607,15988.0,19,3,738.89,4,À Risque ⚠️
3608,15989.0,376,2,368.31,0,Perdus 💤
3609,15990.0,44,7,1997.75,4,À Risque ⚠️
3610,15991.0,534,1,150.55,0,Perdus 💤
3611,15992.0,4,3,896.6,4,À Risque ⚠️
3612,15993.0,9,7,2777.67,4,À Risque ⚠️
3613,15994.0,55,3,1175.68,4,À Risque ⚠️
3614,15995.0,414,1,694.54,0,Perdus 💤
3615,15996.0,88,7,1386.4,4,À Risque ⚠️
3616,15998.0,37,16,8274.14,4,À Risque ⚠️
3617,15999.0,736,1,20.4,0,Perdus 💤
3618,16000.0,3,3,12393.7,4,À Risque ⚠️
3619,16001.0,381,1,583.39,0,Perdus 💤
3620,16002.0,625,1,169.21,0,Perdus 💤
3621,16003.0,30,10,5613.83,4,À Risque ⚠️
3622,16004.0,475,5,2146.39,0,Perdus 💤
3623,16005.0,12,10,2365.4900000000002,4,À Risque ⚠️
3624,16006.0,211,2,332.82,4,À Risque ⚠️
3625,16007.0,48,7,3053.06,4,À Risque ⚠️
3626,16008.0,24,15,5339.13,4,À Risque ⚠️
3627,16009.0,22,4,972.11,4,À Risque ⚠️
3628,16010.0,246,11,1694.86,4,À Risque ⚠️
3629,16011.0,8,29,5601.01,1,Prometteurs 🌱
3630,16012.0,35,5,2978.59,4,À Risque ⚠️
3631,16013.0,4,84,56078.44,2,Loyal Customers 🥈
3632,16014.0,38,5,1100.28,4,À Risque ⚠️
3633,16015.0,4,3,704.55,4,À Risque ⚠️
3634,16016.0,3,11,2083.4,4,À Risque ⚠️
3635,16017.0,47,5,1545.58,4,À Risque ⚠️
3636,16018.0,39,4,698.13,4,À Risque ⚠️
3637,16019.0,47,27,17329.16,1,Prometteurs 🌱
3638,16020.0,17,3,851.01,4,À Risque ⚠️
3639,16021.0,395,2,487.03,0,Perdus 💤
3640,16022.0,260,1,602.63,4,À Risque ⚠️
3641,16023.0,46,3,719.81,4,À Risque ⚠️
3642,16024.0,12,3,483.99,4,À Risque ⚠️
3643,16025.0,30,1,439.65999999999997,4,À Risque ⚠️
3644,16026.0,43,1,236.09,4,À Risque ⚠️
3645,16027.0,92,15,2048.36,4,À Risque ⚠️
3646,16028.0,596,1,82.2,0,Perdus 💤
3647,16029.0,39,107,117763.62,2,Loyal Customers 🥈
3648,16030.0,310,1,331.24,0,Perdus 💤
3649,16031.0,92,2,547.9,4,À Risque ⚠️
3650,16032.0,456,6,1965.72,0,Perdus 💤
3651,16033.0,6,27,10608.81,1,Prometteurs 🌱
3652,16034.0,196,6,911.3199999999999,4,À Risque ⚠️
3653,16035.0,560,1,217.73,0,Perdus 💤
3654,16036.0,87,4,2556.84,4,À Risque ⚠️
3655,16037.0,270,5,1509.34,4,À Risque ⚠️
3656,16038.0,8,3,471.78000000000003,4,À Risque ⚠️
3657,16039.0,424,2,456.4,0,Perdus 💤
3658,16040.0,65,7,2416.9,4,À Risque ⚠️
3659,16041.0,31,3,3166.4,4,À Risque ⚠️
3660,16042.0,22,8,2245.32,4,À Risque ⚠️
3661,16043.0,38,8,1856.5900000000001,4,À Risque ⚠️
3662,16044.0,435,1,340.84000000000003,0,Perdus 💤
3663,16045.0,120,8,3434.9300000000003,4,À Risque ⚠️
3664,16046.0,562,1,235.78,0,Perdus 💤
3665,16047.0,682,1,107.14,0,Perdus 💤
3666,16048.0,373,4,818.7900000000001,0,Perdus 💤
3667,16049.0,40,6,1852.15,4,À Risque ⚠️
3668,16050.0,174,3,300.7,4,À Risque ⚠️
3669,16051.0,682,1,188.44,0,Perdus 💤
3670,16052.0,54,1,362.06,4,À Risque ⚠️
3671,16053.0,33,6,3634.84,4,À Risque ⚠️
3672,16054.0,145,4,2111.88,4,À Risque ⚠️
3673,16055.0,221,1,134.8,4,À Risque ⚠️
3674,16056.0,45,1,650.75,4,À Risque ⚠️
3675,16057.0,16,10,3854.85,4,À Risque ⚠️
3676,16058.0,406,1,62.7,0,Perdus 💤
3677,16059.0,66,12,3053.57,4,À Risque ⚠️
3678,16060.0,401,3,541.95,0,Perdus 💤
3679,16061.0,431,1,89.65,0,Perdus 💤
3680,16062.0,10,8,2863.45,4,À Risque ⚠️
3681,16063.0,260,1,335.32,4,À Risque ⚠️
3682,16064.0,725,1,109.31,0,Perdus 💤
3683,16065.0,365,8,1992.13,0,Perdus 💤
3684,16066.0,17,5,1521.04,4,À Risque ⚠️
3685,16067.0,563,3,3269.11,0,Perdus 💤
3686,16068.0,594,1,115.73,0,Perdus 💤
3687,16069.0,418,1,457.7,0,Perdus 💤
3688,16070.0,22,2,852.15,4,À Risque ⚠️
3689,16071.0,45,4,1076.8,4,À Risque ⚠️
3690,16072.0,288,4,4180.09,0,Perdus 💤
3691,16073.0,297,1,122.39999999999999,0,Perdus 💤
3692,16074.0,390,1,252.5,0,Perdus 💤
3693,16075.0,503,2,736.9300000000001,0,Perdus 💤
3694,16076.0,3,10,2234.73,4,À Risque ⚠️
3695,16077.0,626,1,2300.4,0,Perdus 💤
3696,16078.0,284,2,362.99,0,Perdus 💤
3697,16079.0,17,3,1352.0,4,À Risque ⚠️
3698,16080.0,82,4,602.5600000000001,4,À Risque ⚠️
3699,16081.0,56,8,4278.96,4,À Risque ⚠️
3700,16082.0,670,1,106.75,0,Perdus 💤
3701,16083.0,101,4,2351.42,4,À Risque ⚠️
3702,16084.0,299,1,436.18,0,Perdus 💤
3703,16085.0,23,12,2341.03,4,À Risque ⚠️
3704,16086.0,59,10,2687.73,4,À Risque ⚠️
3705,16087.0,389,5,1739.92,0,Perdus 💤
3706,16088.0,576,2,1437.43,0,Perdus 💤
3707,16089.0,386,2,263.49,0,Perdus 💤
3708,16090.0,624,1,180.56,0,Perdus 💤
3709,16091.0,155,2,315.06,4,À Risque ⚠️
3710,16092.0,115,6,1587.94,4,À Risque ⚠️
3711,16093.0,107,1,17.0,4,À Risque ⚠️
3712,16094.0,12,11,3695.56,4,À Risque ⚠️
3713,16095.0,456,1,447.05,0,Perdus 💤
3714,16096.0,264,4,1584.97,4,À Risque ⚠️
3715,16097.0,240,1,185.04999999999998,4,À Risque ⚠️
3716,16098.0,88,14,4010.7,4,À Risque ⚠️
3717,16099.0,50,7,1573.2,4,À Risque ⚠️
3718,16100.0,463,1,582.64,0,Perdus 💤
3719,16101.0,71,4,3229.16,4,À Risque ⚠️
3720,16102.0,42,3,1842.14,4,À Risque ⚠️
3721,16103.0,7,22,6191.71,1,Prometteurs 🌱
3722,16104.0,62,9,2774.46,4,À Risque ⚠️
3723,16105.0,249,5,2386.19,4,À Risque ⚠️
3724,16106.0,66,1,108.38,4,À Risque ⚠️
3725,16107.0,18,7,3204.1600000000003,4,À Risque ⚠️
3726,16108.0,85,4,2235.92,4,À Risque ⚠️
3727,16109.0,219,3,939.48,4,À Risque ⚠️
3728,16110.0,45,4,1781.59,4,À Risque ⚠️
3729,16111.0,428,1,549.33,0,Perdus 💤
3730,16112.0,143,4,195.73999999999998,4,À Risque ⚠️
3731,16113.0,183,1,161.38,4,À Risque ⚠️
3732,16114.0,171,1,135.75000000000003,4,À Risque ⚠️
3733,16115.0,10,12,2553.8,4,À Risque ⚠️
3734,16116.0,212,1,612.78,4,À Risque ⚠️
3735,16117.0,190,3,654.4,4,À Risque ⚠️
3736,16118.0,653,1,4376.25,0,Perdus 💤
3737,16119.0,8,8,1720.81,4,À Risque ⚠️
3738,16120.0,59,6,2967.51,4,À Risque ⚠️
3739,16121.0,57,5,1450.04,4,À Risque ⚠️
3740,16122.0,73,6,895.62,4,À Risque ⚠️
3741,16123.0,52,1,307.78,4,À Risque ⚠️
3742,16124.0,317,4,1772.49,0,Perdus 💤
3743,16125.0,367,14,4292.35,0,Perdus 💤
3744,16126.0,29,15,14644.6,1,Prometteurs 🌱
3745,16127.0,39,2,801.31,4,À Risque ⚠️
3746,16128.0,18,11,3801.05,4,À Risque ⚠️
3747,16129.0,407,3,1396.05,0,Perdus 💤
3748,16130.0,422,4,987.48,0,Perdus 💤
3749,16131.0,52,12,9957.42,4,À Risque ⚠️
3750,16132.0,544,2,664.1999999999999,0,Perdus 💤
3751,16133.0,4,56,22992.260000000002,1,Prometteurs 🌱
3752,16134.0,22,5,2145.34,4,À Risque ⚠️
3753,16135.0,263,2,819.45,4,À Risque ⚠️
3754,16136.0,60,4,946.8,4,À Risque ⚠️
3755,16137.0,680,1,422.7,0,Perdus 💤
3756,16138.0,379,3,910.35,0,Perdus 💤
3757,16139.0,19,5,1111.15,4,À Risque ⚠️
3758,16140.0,66,3,1433.46,4,À Risque ⚠️
3759,16141.0,88,2,955.94,4,À Risque ⚠️
3760,16142.0,250,1,535.34,4,À Risque ⚠️
3761,16143.0,3,12,4555.08,4,À Risque ⚠️
3762,16144.0,247,1,175.2,4,À Risque ⚠️
3763,16145.0,9,19,6805.4400000000005,1,Prometteurs 🌱
3764,16146.0,157,4,946.38,4,À Risque ⚠️
3765,16147.0,134,5,2398.91,4,À Risque ⚠️
3766,16148.0,296,2,386.62,0,Perdus 💤
3767,16149.0,5,3,422.22,4,À Risque ⚠️
3768,16150.0,43,10,4002.17,4,À Risque ⚠️
3769,16152.0,269,1,1829.04,0,Perdus 💤
3770,16153.0,50,11,5133.49,4,À Risque ⚠️
3771,16155.0,382,5,796.9,0,Perdus 💤
3772,16156.0,9,20,6188.18,1,Prometteurs 🌱
3773,16157.0,16,3,656.69,4,À Risque ⚠️
3774,16158.0,522,9,628.32,0,Perdus 💤
3775,16159.0,282,4,1232.79,0,Perdus 💤
3776,16160.0,65,2,1025.44,4,À Risque ⚠️
3777,16161.0,2,43,12580.06,1,Prometteurs 🌱
3778,16162.0,252,1,37.4,4,À Risque ⚠️
3779,16163.0,232,6,2407.98,4,À Risque ⚠️
3780,16164.0,17,3,822.48,4,À Risque ⚠️
3781,16165.0,505,1,79.9,0,Perdus 💤
3782,16166.0,428,2,435.83,0,Perdus 💤
3783,16167.0,414,5,1386.1200000000001,0,Perdus 💤
3784,16168.0,11,66,10360.67,1,Prometteurs 🌱
3785,16169.0,8,4,1822.97,4,À Risque ⚠️
3786,16170.0,51,20,6869.0,1,Prometteurs 🌱
3787,16171.0,59,1,73.2,4,À Risque ⚠️
3788,16172.0,95,8,1884.55,4,À Risque ⚠️
3789,16173.0,16,6,1418.32,4,À Risque ⚠️
3790,16174.0,126,7,2246.75,4,À Risque ⚠️
3791,16175.0,94,7,1836.44,4,À Risque ⚠️
3792,16176.0,421,4,2052.69,0,Perdus 💤
3793,16177.0,50,8,2247.31,4,À Risque ⚠️
3794,16178.0,138,2,612.6,4,À Risque ⚠️
3795,16179.0,61,1,215.83,4,À Risque ⚠️
3796,16180.0,100,13,16249.87,4,À Risque ⚠️
3797,16181.0,73,1,305.54,4,À Risque ⚠️
3798,16182.0,72,9,9971.65,4,À Risque ⚠️
3799,16183.0,67,4,1077.81,4,À Risque ⚠️
3800,16184.0,64,6,1158.79,4,À Risque ⚠️
3801,16185.0,17,3,644.72,4,À Risque ⚠️
3802,16186.0,23,26,8718.43,1,Prometteurs 🌱
3803,16187.0,32,15,6911.4400000000005,4,À Risque ⚠️
3804,16188.0,45,5,1087.66,4,À Risque ⚠️
3805,16189.0,16,2,215.48,4,À Risque ⚠️
3806,16190.0,40,8,2723.55,4,À Risque ⚠️
3807,16191.0,3,24,15677.82,1,Prometteurs 🌱
3808,16192.0,736,1,351.3,0,Perdus 💤
3809,16193.0,237,2,630.43,4,À Risque ⚠️
3810,16194.0,375,1,308.59999999999997,0,Perdus 💤
3811,16195.0,723,1,323.25,0,Perdus 💤
3812,16196.0,489,1,93.3,0,Perdus 💤
3813,16197.0,469,9,2016.71,0,Perdus 💤
3814,16198.0,75,2,1030.0410000000002,4,À Risque ⚠️
3815,16199.0,392,7,942.75,0,Perdus 💤
3816,16200.0,4,12,5608.1,4,À Risque ⚠️
3817,16201.0,3,5,2112.12,4,À Risque ⚠️
3818,16202.0,361,9,2501.9900000000002,0,Perdus 💤
3819,16203.0,59,6,943.84,4,À Risque ⚠️
3820,16204.0,23,3,918.71,4,À Risque ⚠️
3821,16205.0,31,7,1820.1100000000001,4,À Risque ⚠️
3822,16206.0,55,13,2589.87,4,À Risque ⚠️
3823,16207.0,25,1,394.38,4,À Risque ⚠️
3824,16208.0,45,10,3440.45,4,À Risque ⚠️
3825,16209.0,89,9,4146.78,4,À Risque ⚠️
3826,16210.0,2,35,33750.97,1,Prometteurs 🌱
3827,16211.0,89,3,1090.59,4,À Risque ⚠️
3828,16212.0,19,4,1293.71,4,À Risque ⚠️
3829,16213.0,79,1,159.0,4,À Risque ⚠️
3830,16214.0,171,4,2038.25,4,À Risque ⚠️
3831,16215.0,81,1,242.35,4,À Risque ⚠️
3832,16216.0,267,1,914.9300000000001,4,À Risque ⚠️
3833,16217.0,235,2,304.25,4,À Risque ⚠️
3834,16218.0,30,13,3968.67,4,À Risque ⚠️
3835,16219.0,501,1,40.8,0,Perdus 💤
3836,16221.0,37,9,2019.92,4,À Risque ⚠️
3837,16222.0,318,2,1272.05,0,Perdus 💤
3838,16223.0,375,2,1087.05,0,Perdus 💤
3839,16224.0,57,5,1616.54,4,À Risque ⚠️
3840,16225.0,45,15,2859.31,4,À Risque ⚠️
3841,16226.0,203,5,672.1700000000001,4,À Risque ⚠️
3842,16227.0,225,3,1027.22,4,À Risque ⚠️
3843,16228.0,385,3,885.71,0,Perdus 💤
3844,16229.0,87,6,2867.86,4,À Risque ⚠️
3845,16230.0,190,2,542.03,4,À Risque ⚠️
3846,16231.0,379,4,1074.47,0,Perdus 💤
3847,16232.0,44,7,2712.97,4,À Risque ⚠️
3848,16233.0,71,9,1818.31,4,À Risque ⚠️
3849,16234.0,476,3,333.18,0,Perdus 💤
3850,16235.0,41,9,2053.71,4,À Risque ⚠️
3851,16236.0,78,1,432.2,4,À Risque ⚠️
3852,16237.0,437,1,136.65,0,Perdus 💤
3853,16238.0,423,1,63.66,0,Perdus 💤
3854,16239.0,57,6,1492.2,4,À Risque ⚠️
3855,16240.0,24,2,3718.8,4,À Risque ⚠️
3856,16241.0,10,16,3992.86,4,À Risque ⚠️
3857,16242.0,8,14,7404.65,4,À Risque ⚠️
3858,16243.0,34,2,409.1,4,À Risque ⚠️
3859,16244.0,212,2,1522.75,4,À Risque ⚠️
3860,16245.0,24,3,1413.66,4,À Risque ⚠️
3861,16246.0,460,2,821.35,0,Perdus 💤
3862,16247.0,170,1,114.56,4,À Risque ⚠️
3863,16248.0,62,1,152.94,4,À Risque ⚠️
3864,16249.0,53,5,1800.07,4,À Risque ⚠️
3865,16250.0,261,3,565.24,4,À Risque ⚠️
3866,16251.0,512,1,128.31,0,Perdus 💤
3867,16252.0,383,1,295.09000000000003,0,Perdus 💤
3868,16253.0,67,7,7272.2,4,À Risque ⚠️
3869,16254.0,378,3,967.44,0,Perdus 💤
3870,16255.0,17,15,4530.0,4,À Risque ⚠️
3871,16256.0,267,3,1629.37,4,À Risque ⚠️
3872,16257.0,177,1,46.95,4,À Risque ⚠️
3873,16258.0,45,15,11942.52,4,À Risque ⚠️
3874,16259.0,410,3,340.94,0,Perdus 💤
3875,16260.0,51,1,1035.45,4,À Risque ⚠️
3876,16261.0,17,6,1041.16,4,À Risque ⚠️
3877,16262.0,378,1,755.15,0,Perdus 💤
3878,16263.0,423,1,348.16,0,Perdus 💤
3879,16264.0,438,2,823.53,0,Perdus 💤
3880,16265.0,9,12,6935.17,4,À Risque ⚠️
3881,16266.0,74,14,1757.95,4,À Risque ⚠️
3882,16267.0,591,1,186.66,0,Perdus 💤
3883,16268.0,71,2,667.65,4,À Risque ⚠️
3884,16269.0,438,1,717.57,0,Perdus 💤
3885,16270.0,353,1,1141.24,0,Perdus 💤
3886,16271.0,3,10,3397.82,4,À Risque ⚠️
3887,16272.0,117,1,411.7,4,À Risque ⚠️
3888,16273.0,648,2,318.34000000000003,0,Perdus 💤
3889,16274.0,373,1,351.75,0,Perdus 💤
3890,16275.0,197,3,2151.11,4,À Risque ⚠️
3891,16276.0,177,3,2629.3900000000003,4,À Risque ⚠️
3892,16277.0,734,1,188.69,0,Perdus 💤
3893,16278.0,100,3,1117.84,4,À Risque ⚠️
3894,16279.0,21,9,5698.28,4,À Risque ⚠️
3895,16280.0,725,1,238.05,0,Perdus 💤
3896,16281.0,72,3,3424.02,4,À Risque ⚠️
3897,16282.0,340,3,1307.58,0,Perdus 💤
3898,16283.0,6,8,4350.32,4,À Risque ⚠️
3899,16284.0,31,3,1018.48,4,À Risque ⚠️
3900,16285.0,646,1,176.9,0,Perdus 💤
3901,16286.0,477,2,328.95,0,Perdus 💤
3902,16287.0,170,5,1006.98,4,À Risque ⚠️
3903,16288.0,470,1,129.85,0,Perdus 💤
3904,16289.0,462,1,136.31,0,Perdus 💤
3905,16290.0,465,4,1957.7,0,Perdus 💤
3906,16291.0,682,1,117.72,0,Perdus 💤
3907,16292.0,122,5,1253.76,4,À Risque ⚠️
3908,16293.0,22,15,4279.2,4,À Risque ⚠️
3909,16294.0,477,1,126.05000000000001,0,Perdus 💤
3910,16295.0,10,4,1328.55,4,À Risque ⚠️
3911,16296.0,626,4,1313.67,0,Perdus 💤
3912,16297.0,269,1,301.9,0,Perdus 💤
3913,16298.0,23,7,1085.7,4,À Risque ⚠️
3914,16299.0,477,1,193.65,0,Perdus 💤
3915,16300.0,430,3,1367.32,0,Perdus 💤
3916,16301.0,737,1,107.33,0,Perdus 💤
3917,16302.0,127,1,233.22,4,À Risque ⚠️
3918,16303.0,26,7,7928.27,4,À Risque ⚠️
3919,16304.0,695,1,381.66,0,Perdus 💤
3920,16305.0,139,1,361.21999999999997,4,À Risque ⚠️
3921,16306.0,214,7,1124.72,4,À Risque ⚠️
3922,16307.0,429,3,1194.92,0,Perdus 💤
3923,16308.0,38,7,5120.0,4,À Risque ⚠️
3924,16309.0,106,2,706.57,4,À Risque ⚠️
3925,16310.0,414,2,460.08,0,Perdus 💤
3926,16311.0,18,2,616.26,4,À Risque ⚠️
3927,16312.0,432,1,171.15,0,Perdus 💤
3928,16313.0,3,2,274.15000000000003,4,À Risque ⚠️
3929,16314.0,390,3,1491.4,0,Perdus 💤
3930,16315.0,331,2,402.71,0,Perdus 💤
3931,16316.0,64,13,5744.91,4,À Risque ⚠️
3932,16317.0,120,5,2192.51,4,À Risque ⚠️
3933,16318.0,35,1,328.15,4,À Risque ⚠️
3934,16319.0,218,1,404.40000000000003,4,À Risque ⚠️
3935,16320.0,172,6,5628.99,4,À Risque ⚠️
3936,16321.0,72,7,604.5500000000001,4,À Risque ⚠️
3937,16322.0,1,2,326.75,4,À Risque ⚠️
3938,16323.0,196,2,353.66,4,À Risque ⚠️
3939,16324.0,128,3,408.59000000000003,4,À Risque ⚠️
3940,16325.0,47,12,3597.5,4,À Risque ⚠️
3941,16326.0,6,24,4721.25,1,Prometteurs 🌱
3942,16327.0,14,16,10159.64,1,Prometteurs 🌱
3943,16328.0,563,1,310.83,0,Perdus 💤
3944,16329.0,428,4,1664.92,0,Perdus 💤
3945,16330.0,18,7,625.38,4,À Risque ⚠️
3946,16331.0,432,6,2037.7,0,Perdus 💤
3947,16332.0,28,11,2000.01,4,À Risque ⚠️
3948,16333.0,8,22,26626.8,1,Prometteurs 🌱
3949,16334.0,492,1,263.73,0,Perdus 💤
3950,16335.0,552,7,2753.52,0,Perdus 💤
3951,16336.0,421,4,3517.69,0,Perdus 💤
3952,16337.0,37,1,151.05,4,À Risque ⚠️
3953,16338.0,157,1,214.79999999999998,4,À Risque ⚠️
3954,16339.0,284,1,94.05,0,Perdus 💤
3955,16340.0,107,3,1496.24,4,À Risque ⚠️
3956,16341.0,25,7,3850.79,4,À Risque ⚠️
3957,16342.0,75,4,322.41,4,À Risque ⚠️
3958,16343.0,16,3,614.12,4,À Risque ⚠️
3959,16344.0,158,4,842.42,4,À Risque ⚠️
3960,16345.0,44,2,1178.79,4,À Risque ⚠️
3961,16346.0,385,1,224.51,0,Perdus 💤
3962,16347.0,11,11,3442.96,4,À Risque ⚠️
3963,16348.0,32,8,1744.42,4,À Risque ⚠️
3964,16349.0,291,1,53.5,0,Perdus 💤
3965,16350.0,21,9,2253.89,4,À Risque ⚠️
3966,16351.0,333,13,3330.0299999999997,0,Perdus 💤
3967,16352.0,18,2,494.44,4,À Risque ⚠️
3968,16353.0,4,38,9795.460000000001,1,Prometteurs 🌱
3969,16354.0,63,5,1119.46,4,À Risque ⚠️
3970,16355.0,375,1,416.35,0,Perdus 💤
3971,16356.0,198,6,415.87,4,À Risque ⚠️
3972,16357.0,33,4,868.37,4,À Risque ⚠️
3973,16358.0,1,5,2919.65,4,À Risque ⚠️
3974,16359.0,7,16,2697.75,4,À Risque ⚠️
3975,16360.0,5,6,3450.41,4,À Risque ⚠️
3976,16361.0,10,4,891.21,4,À Risque ⚠️
3977,16362.0,32,6,922.16,4,À Risque ⚠️
3978,16363.0,53,1,109.36000000000001,4,À Risque ⚠️
3979,16364.0,12,2,705.79,4,À Risque ⚠️
3980,16365.0,18,15,3167.34,4,À Risque ⚠️
3981,16366.0,19,4,1548.1299999999999,4,À Risque ⚠️
3982,16367.0,37,3,1350.48,4,À Risque ⚠️
3983,16368.0,2,3,621.44,4,À Risque ⚠️
3984,16369.0,18,7,2656.56,4,À Risque ⚠️
3985,16370.0,82,4,1301.91,4,À Risque ⚠️
3986,16371.0,449,1,157.2,0,Perdus 💤
3987,16372.0,33,5,1290.31,4,À Risque ⚠️
3988,16373.0,382,2,309.49,0,Perdus 💤
3989,16374.0,66,5,1723.4,4,À Risque ⚠️
3990,16375.0,470,2,104.0,0,Perdus 💤
3991,16376.0,9,2,974.96,4,À Risque ⚠️
3992,16377.0,267,2,1308.48,4,À Risque ⚠️
3993,16378.0,247,3,362.95,4,À Risque ⚠️
3994,16379.0,4,4,2157.4,4,À Risque ⚠️
3995,16380.0,61,1,1743.1499999999999,4,À Risque ⚠️
3996,16381.0,396,2,247.85,0,Perdus 💤
3997,16382.0,408,2,353.1,0,Perdus 💤
3998,16383.0,75,7,2896.69,4,À Risque ⚠️
3999,16384.0,90,4,1358.95,4,À Risque ⚠️
4000,16385.0,60,5,881.35,4,À Risque ⚠️
4001,16386.0,29,3,1068.16,4,À Risque ⚠️
4002,16387.0,323,5,882.46,0,Perdus 💤
4003,16388.0,654,1,186.05,0,Perdus 💤
4004,16389.0,53,4,1382.07,4,À Risque ⚠️
4005,16390.0,537,3,467.5,0,Perdus 💤
4006,16391.0,401,4,1052.26,0,Perdus 💤
4007,16392.0,270,3,756.7,4,À Risque ⚠️
4008,16393.0,2,23,5297.77,1,Prometteurs 🌱
4009,16394.0,57,5,1555.34,4,À Risque ⚠️
4010,16395.0,61,14,3518.41,4,À Risque ⚠️
4011,16396.0,476,1,137.8,0,Perdus 💤
4012,16397.0,628,1,123.13,0,Perdus 💤
4013,16398.0,154,2,1705.8,4,À Risque ⚠️
4014,16399.0,19,3,630.22,4,À Risque ⚠️
4015,16400.0,95,9,3059.85,4,À Risque ⚠️
4016,16401.0,1,23,6849.15,1,Prometteurs 🌱
4017,16402.0,265,2,293.45,4,À Risque ⚠️
4018,16403.0,312,1,177.5,0,Perdus 💤
4019,16404.0,70,1,443.05,4,À Risque ⚠️
4020,16405.0,302,2,167.25,0,Perdus 💤
4021,16406.0,19,3,528.36,4,À Risque ⚠️
4022,16407.0,13,14,2761.65,4,À Risque ⚠️
4023,16408.0,591,1,231.93,0,Perdus 💤
4024,16409.0,36,12,5652.74,4,À Risque ⚠️
4025,16410.0,734,1,130.32,0,Perdus 💤
4026,16411.0,19,4,756.39,4,À Risque ⚠️
4027,16412.0,54,5,593.19,4,À Risque ⚠️
4028,16413.0,57,2,522.03,4,À Risque ⚠️
4029,16414.0,22,5,551.21,4,À Risque ⚠️
4030,16415.0,44,3,696.76,4,À Risque ⚠️
4031,16416.0,27,9,2957.88,4,À Risque ⚠️
4032,16417.0,493,1,35.7,0,Perdus 💤
4033,16418.0,45,5,1028.74,4,À Risque ⚠️
4034,16419.0,113,8,1463.7,4,À Risque ⚠️
4035,16420.0,396,1,75.0,0,Perdus 💤
4036,16421.0,376,3,526.27,0,Perdus 💤
4037,16422.0,17,109,61920.87,2,Loyal Customers 🥈
4038,16423.0,25,1,346.12,4,À Risque ⚠️
4039,16424.0,191,2,443.06,4,À Risque ⚠️
4040,16425.0,302,1,302.7,0,Perdus 💤
4041,16426.0,2,10,1863.76,4,À Risque ⚠️
4042,16427.0,263,2,241.06,4,À Risque ⚠️
4043,16428.0,414,3,638.49,0,Perdus 💤
4044,16429.0,106,1,284.55,4,À Risque ⚠️
4045,16430.0,57,7,1117.94,4,À Risque ⚠️
4046,16431.0,213,3,623.28,4,À Risque ⚠️
4047,16432.0,64,1,287.4,4,À Risque ⚠️
4048,16433.0,28,2,384.52,4,À Risque ⚠️
4049,16434.0,29,12,2673.69,4,À Risque ⚠️
4050,16435.0,512,3,1003.0699999999999,0,Perdus 💤
4051,16436.0,668,3,319.14,0,Perdus 💤
4052,16437.0,381,2,301.25,0,Perdus 💤
4053,16438.0,6,5,798.35,4,À Risque ⚠️
4054,16439.0,722,1,310.70000000000005,0,Perdus 💤
4055,16440.0,8,6,3856.9700000000003,4,À Risque ⚠️
4056,16441.0,67,5,1019.13,4,À Risque ⚠️
4057,16442.0,2,5,891.98,4,À Risque ⚠️
4058,16443.0,521,1,162.24,0,Perdus 💤
4059,16444.0,46,17,3625.88,4,À Risque ⚠️
4060,16445.0,34,4,583.16,4,À Risque ⚠️
4061,16446.0,1,2,168472.5,2,Loyal Customers 🥈
4062,16447.0,136,3,727.1,4,À Risque ⚠️
4063,16448.0,198,2,361.12,4,À Risque ⚠️
4064,16449.0,198,2,707.69,4,À Risque ⚠️
4065,16450.0,150,3,1505.73,4,À Risque ⚠️
4066,16451.0,88,3,1013.15,4,À Risque ⚠️
4067,16452.0,631,2,332.17,0,Perdus 💤
4068,16453.0,531,2,251.71,0,Perdus 💤
4069,16454.0,45,4,30.950000000000003,4,À Risque ⚠️
4070,16455.0,64,11,3995.57,4,À Risque ⚠️
4071,16456.0,99,13,6000.94,4,À Risque ⚠️
4072,16457.0,218,1,208.36,4,À Risque ⚠️
4073,16458.0,3,30,5690.89,1,Prometteurs 🌱
4074,16459.0,730,1,71.78999999999999,0,Perdus 💤
4075,16460.0,28,3,811.23,4,À Risque ⚠️
4076,16461.0,178,3,1545.83,4,À Risque ⚠️
4077,16462.0,74,3,136.0,4,À Risque ⚠️
4078,16463.0,21,4,1422.4,4,À Risque ⚠️
4079,16464.0,20,3,1298.66,4,À Risque ⚠️
4080,16465.0,421,2,746.24,0,Perdus 💤
4081,16466.0,34,15,3767.09,4,À Risque ⚠️
4082,16467.0,509,7,2869.16,0,Perdus 💤
4083,16468.0,74,3,787.52,4,À Risque ⚠️
4084,16469.0,24,5,803.9,4,À Risque ⚠️
4085,16470.0,52,11,2416.85,4,À Risque ⚠️
4086,16471.0,275,4,1189.98,0,Perdus 💤
4087,16472.0,434,2,789.6,0,Perdus 💤
4088,16473.0,165,4,470.83,4,À Risque ⚠️
4089,16474.0,7,7,1810.65,4,À Risque ⚠️
4090,16475.0,88,4,544.3,4,À Risque ⚠️
4091,16476.0,432,1,350.35,0,Perdus 💤
4092,16477.0,64,11,4094.37,4,À Risque ⚠️
4093,16478.0,25,3,331.0,4,À Risque ⚠️
4094,16479.0,10,2,300.83,4,À Risque ⚠️
4095,16480.0,76,1,769.29,4,À Risque ⚠️
4096,16481.0,682,1,453.38,0,Perdus 💤
4097,16482.0,16,1,220.62,4,À Risque ⚠️
4098,16483.0,192,1,139.35,4,À Risque ⚠️
4099,16484.0,174,2,404.3,4,À Risque ⚠️
4100,16485.0,77,5,2287.19,4,À Risque ⚠️
4101,16486.0,538,1,134.36,0,Perdus 💤
4102,16487.0,577,2,209.4,0,Perdus 💤
4103,16488.0,33,3,498.8,4,À Risque ⚠️
4104,16489.0,380,2,303.7,0,Perdus 💤
4105,16490.0,436,1,205.41000000000003,0,Perdus 💤
4106,16491.0,47,2,1533.16,4,À Risque ⚠️
4107,16492.0,541,1,385.56,0,Perdus 💤
4108,16493.0,80,7,2132.09,4,À Risque ⚠️
4109,16494.0,297,1,826.53,0,Perdus 💤
4110,16495.0,3,3,648.26,4,À Risque ⚠️
4111,16496.0,9,6,2330.77,4,À Risque ⚠️
4112,16497.0,50,23,6695.28,1,Prometteurs 🌱
4113,16498.0,161,2,100.97,4,À Risque ⚠️
4114,16499.0,360,8,2578.34,0,Perdus 💤
4115,16500.0,5,9,843.9100000000001,4,À Risque ⚠️
4116,16501.0,383,1,1191.23,0,Perdus 💤
4117,16502.0,620,2,258.55,0,Perdus 💤
4118,16503.0,107,11,3614.34,4,À Risque ⚠️
4119,16504.0,25,1,465.88,4,À Risque ⚠️
4120,16505.0,32,1,777.6,4,À Risque ⚠️
4121,16506.0,20,2,90.30000000000001,4,À Risque ⚠️
4122,16507.0,572,1,142.71,0,Perdus 💤
4123,16508.0,630,1,240.95,0,Perdus 💤
4124,16509.0,297,1,363.7,0,Perdus 💤
4125,16510.0,372,6,1777.5,0,Perdus 💤
4126,16511.0,22,6,1760.49,4,À Risque ⚠️
4127,16513.0,5,4,874.59,4,À Risque ⚠️
4128,16515.0,52,10,3179.06,4,À Risque ⚠️
4129,16516.0,30,1,101.69999999999999,4,À Risque ⚠️
4130,16517.0,277,1,162.7,0,Perdus 💤
4131,16518.0,61,4,959.37,4,À Risque ⚠️
4132,16519.0,25,4,439.06,4,À Risque ⚠️
4133,16520.0,186,6,2148.38,4,À Risque ⚠️
4134,16521.0,415,3,1140.11,0,Perdus 💤
4135,16522.0,436,2,433.36,0,Perdus 💤
4136,16523.0,2,28,11916.33,1,Prometteurs 🌱
4137,16524.0,446,2,306.19,0,Perdus 💤
4138,16525.0,2,48,24151.3,1,Prometteurs 🌱
4139,16526.0,172,2,717.21,4,À Risque ⚠️
4140,16527.0,81,2,1232.94,4,À Risque ⚠️
4141,16528.0,4,1,244.41,4,À Risque ⚠️
4142,16529.0,190,4,1986.8,4,À Risque ⚠️
4143,16530.0,668,1,48.349999999999994,0,Perdus 💤
4144,16531.0,22,11,2298.33,4,À Risque ⚠️
4145,16532.0,18,5,8756.64,4,À Risque ⚠️
4146,16533.0,19,3,1082.81,4,À Risque ⚠️
4147,16534.0,642,1,635.9,0,Perdus 💤
4148,16535.0,5,3,972.04,4,À Risque ⚠️
4149,16536.0,110,1,548.12,4,À Risque ⚠️
4150,16537.0,641,1,23.35,0,Perdus 💤
4151,16538.0,541,3,395.07,0,Perdus 💤
4152,16539.0,3,10,3289.66,4,À Risque ⚠️
4153,16540.0,414,1,205.75,0,Perdus 💤
4154,16541.0,735,1,424.03,0,Perdus 💤
4155,16542.0,54,2,257.32,4,À Risque ⚠️
4156,16543.0,592,1,292.21,0,Perdus 💤
4157,16544.0,520,4,376.70000000000005,0,Perdus 💤
4158,16545.0,165,2,689.82,4,À Risque ⚠️
4159,16546.0,291,5,5307.07,0,Perdus 💤
4160,16547.0,546,1,104.25999999999999,0,Perdus 💤
4161,16548.0,599,1,30.15,0,Perdus 💤
4162,16549.0,10,34,12781.8,1,Prometteurs 🌱
4163,16550.0,109,18,8813.58,1,Prometteurs 🌱
4164,16551.0,96,7,2237.12,4,À Risque ⚠️
4165,16552.0,243,2,379.73,4,À Risque ⚠️
4166,16553.0,163,33,16584.01,1,Prometteurs 🌱
4167,16554.0,42,8,2841.72,4,À Risque ⚠️
4168,16555.0,35,6,1915.68,4,À Risque ⚠️
4169,16556.0,67,17,8012.58,1,Prometteurs 🌱
4170,16557.0,24,2,281.85,4,À Risque ⚠️
4171,16558.0,1,38,13304.11,1,Prometteurs 🌱
4172,16559.0,397,1,175.0,0,Perdus 💤
4173,16560.0,27,8,3048.38,4,À Risque ⚠️
4174,16561.0,6,2,511.12,4,À Risque ⚠️
4175,16562.0,477,1,223.85999999999999,0,Perdus 💤
4176,16563.0,54,6,4412.56,4,À Risque ⚠️
4177,16564.0,569,1,87.8,0,Perdus 💤
4178,16565.0,364,4,773.05,0,Perdus 💤
4179,16566.0,15,5,614.66,4,À Risque ⚠️
4180,16567.0,194,2,865.6,4,À Risque ⚠️
4181,16568.0,428,2,1020.9000000000001,0,Perdus 💤
4182,16569.0,3,5,1455.23,4,À Risque ⚠️
4183,16570.0,15,20,7434.31,1,Prometteurs 🌱
4184,16571.0,27,10,4248.74,4,À Risque ⚠️
4185,16572.0,127,3,1009.6,4,À Risque ⚠️
4186,16573.0,85,2,663.61,4,À Risque ⚠️
4187,16574.0,71,3,1301.78,4,À Risque ⚠️
4188,16576.0,420,2,540.87,0,Perdus 💤
4189,16577.0,667,1,380.0,0,Perdus 💤
4190,16578.0,626,1,156.6,0,Perdus 💤
4191,16579.0,426,1,295.05,0,Perdus 💤
4192,16581.0,183,1,105.84,4,À Risque ⚠️
4193,16582.0,113,1,313.62,4,À Risque ⚠️
4194,16583.0,374,2,297.95,0,Perdus 💤
4195,16584.0,80,5,3156.17,4,À Risque ⚠️
4196,16585.0,594,2,341.59,0,Perdus 💤
4197,16586.0,249,3,1462.78,4,À Risque ⚠️
4198,16587.0,232,1,225.15,4,À Risque ⚠️
4199,16588.0,386,4,1361.28,0,Perdus 💤
4200,16589.0,71,4,612.36,4,À Risque ⚠️
4201,16590.0,401,2,605.9,0,Perdus 💤
4202,16591.0,69,1,213.5,4,À Risque ⚠️
4203,16592.0,4,28,7807.91,1,Prometteurs 🌱
4204,16593.0,51,8,1071.1399999999999,4,À Risque ⚠️
4205,16594.0,75,1,181.09,4,À Risque ⚠️
4206,16595.0,61,5,1757.75,4,À Risque ⚠️
4207,16596.0,16,4,458.98,4,À Risque ⚠️
4208,16597.0,4,1,90.04,4,À Risque ⚠️
4209,16598.0,286,1,145.04999999999998,0,Perdus 💤
4210,16599.0,386,1,172.8,0,Perdus 💤
4211,16600.0,4,13,2153.41,4,À Risque ⚠️
4212,16601.0,41,3,677.0,4,À Risque ⚠️
4213,16602.0,36,2,763.33,4,À Risque ⚠️
4214,16603.0,75,2,482.47,4,À Risque ⚠️
4215,16604.0,563,2,432.45,0,Perdus 💤
4216,16605.0,724,1,60.48,0,Perdus 💤
4217,16606.0,404,2,357.66,0,Perdus 💤
4218,16607.0,18,25,5706.87,1,Prometteurs 🌱
4219,16608.0,454,2,1286.6200000000001,0,Perdus 💤
4220,16609.0,15,7,5493.46,4,À Risque ⚠️
4221,16610.0,219,1,75.66,4,À Risque ⚠️
4222,16611.0,186,6,1785.13,4,À Risque ⚠️
4223,16612.0,33,9,3245.43,4,À Risque ⚠️
4224,16613.0,70,1,618.59,4,À Risque ⚠️
4225,16614.0,183,3,1179.79,4,À Risque ⚠️
4226,16615.0,626,1,291.5,0,Perdus 💤
4227,16616.0,15,2,500.42,4,À Risque ⚠️
4228,16617.0,236,1,151.85,4,À Risque ⚠️
4229,16618.0,31,5,2647.59,4,À Risque ⚠️
4230,16619.0,264,4,1938.33,4,À Risque ⚠️
4231,16620.0,4,6,1758.93,4,À Risque ⚠️
4232,16621.0,52,4,813.48,4,À Risque ⚠️
4233,16622.0,544,1,225.4,0,Perdus 💤
4234,16623.0,246,4,1015.24,4,À Risque ⚠️
4235,16624.0,81,2,810.5699999999999,4,À Risque ⚠️
4236,16625.0,275,5,1654.03,4,À Risque ⚠️
4237,16626.0,1,17,4413.1,4,À Risque ⚠️
4238,16627.0,79,1,322.8,4,À Risque ⚠️
4239,16628.0,30,7,2318.1,4,À Risque ⚠️
4240,16629.0,74,2,408.63,4,À Risque ⚠️
4241,16630.0,407,1,106.80000000000001,0,Perdus 💤
4242,16631.0,482,7,1892.52,0,Perdus 💤
4243,16632.0,486,2,406.4,0,Perdus 💤
4244,16633.0,17,6,2883.1,4,À Risque ⚠️
4245,16634.0,223,6,1649.81,4,À Risque ⚠️
4246,16635.0,407,1,473.0,0,Perdus 💤
4247,16636.0,438,4,3802.04,0,Perdus 💤
4248,16637.0,32,4,1154.47,4,À Risque ⚠️
4249,16638.0,23,15,2380.13,4,À Risque ⚠️
4250,16639.0,31,4,1747.98,4,À Risque ⚠️
4251,16640.0,398,1,179.4,0,Perdus 💤
4252,16641.0,106,2,554.5,4,À Risque ⚠️
4253,16642.0,5,3,1077.45,4,À Risque ⚠️
4254,16643.0,246,2,923.11,4,À Risque ⚠️
4255,16644.0,178,2,833.78,4,À Risque ⚠️
4256,16645.0,736,1,160.39,0,Perdus 💤
4257,16646.0,449,1,678.8,0,Perdus 💤
4258,16647.0,170,4,541.9,4,À Risque ⚠️
4259,16648.0,43,3,672.8,4,À Risque ⚠️
4260,16649.0,520,1,306.58000000000004,0,Perdus 💤
4261,16650.0,72,7,1916.11,4,À Risque ⚠️
4262,16651.0,587,1,136.2,0,Perdus 💤
4263,16652.0,59,16,17550.39,1,Prometteurs 🌱
4264,16653.0,16,2,1212.66,4,À Risque ⚠️
4265,16654.0,141,8,1484.07,4,À Risque ⚠️
4266,16655.0,18,13,6423.26,4,À Risque ⚠️
4267,16656.0,22,30,16833.170000000002,1,Prometteurs 🌱
4268,16657.0,10,4,874.43,4,À Risque ⚠️
4269,16658.0,368,6,690.83,0,Perdus 💤
4270,16659.0,189,1,39.12,4,À Risque ⚠️
4271,16660.0,16,7,1879.55,4,À Risque ⚠️
4272,16661.0,540,4,932.76,0,Perdus 💤
4273,16662.0,394,1,151.05,0,Perdus 💤
4274,16663.0,729,1,165.0,0,Perdus 💤
4275,16664.0,569,1,109.2,0,Perdus 💤
4276,16665.0,362,1,135.39999999999998,0,Perdus 💤
4277,16666.0,19,2,217.71,4,À Risque ⚠️
4278,16667.0,68,2,567.1800000000001,4,À Risque ⚠️
4279,16668.0,15,13,862.42,4,À Risque ⚠️
4280,16669.0,24,3,1348.88,4,À Risque ⚠️
4281,16670.0,17,20,8030.150000000001,1,Prometteurs 🌱
4282,16671.0,28,3,1692.27,4,À Risque ⚠️
4283,16672.0,2,20,8134.9400000000005,1,Prometteurs 🌱
4284,16673.0,679,1,171.13,0,Perdus 💤
4285,16674.0,55,2,304.24,4,À Risque ⚠️
4286,16675.0,442,2,608.86,0,Perdus 💤
4287,16676.0,34,6,2361.9,4,À Risque ⚠️
4288,16677.0,411,2,880.62,0,Perdus 💤
4289,16678.0,3,12,3109.99,4,À Risque ⚠️
4290,16679.0,366,3,663.31,0,Perdus 💤
4291,16680.0,43,3,821.45,4,À Risque ⚠️
4292,16681.0,73,7,1921.84,4,À Risque ⚠️
4293,16682.0,5,5,1028.0,4,À Risque ⚠️
4294,16683.0,534,1,320.25,0,Perdus 💤
4295,16684.0,4,55,147142.77,2,Loyal Customers 🥈
4296,16685.0,61,2,324.24,4,À Risque ⚠️
4297,16686.0,47,16,4881.07,4,À Risque ⚠️
4298,16687.0,391,1,157.63,0,Perdus 💤
4299,16688.0,1,4,1260.86,4,À Risque ⚠️
4300,16689.0,76,2,422.59999999999997,4,À Risque ⚠️
4301,16690.0,72,4,353.03,4,À Risque ⚠️
4302,16691.0,418,2,178.83,0,Perdus 💤
4303,16692.0,256,4,1914.6999999999998,4,À Risque ⚠️
4304,16693.0,69,5,1179.48,4,À Risque ⚠️
4305,16694.0,723,1,98.30000000000001,0,Perdus 💤
4306,16695.0,562,2,191.9,0,Perdus 💤
4307,16696.0,135,4,657.9000000000001,4,À Risque ⚠️
4308,16697.0,241,1,112.75,4,À Risque ⚠️
4309,16698.0,227,2,1998.0,4,À Risque ⚠️
4310,16699.0,380,7,994.6,0,Perdus 💤
4311,16700.0,9,25,8830.77,1,Prometteurs 🌱
4312,16701.0,9,26,9916.73,1,Prometteurs 🌱
4313,16702.0,415,4,1110.83,0,Perdus 💤
4314,16704.0,618,2,664.16,0,Perdus 💤
4315,16705.0,1,42,43515.051,1,Prometteurs 🌱
4316,16706.0,37,3,531.35,4,À Risque ⚠️
4317,16707.0,400,4,533.41,0,Perdus 💤
4318,16708.0,46,1,656.63,4,À Risque ⚠️
4319,16709.0,85,14,9056.01,4,À Risque ⚠️
4320,16710.0,19,22,5921.35,1,Prometteurs 🌱
4321,16711.0,3,9,2868.48,4,À Risque ⚠️
4322,16712.0,9,13,4232.87,4,À Risque ⚠️
4323,16713.0,19,32,14115.56,1,Prometteurs 🌱
4324,16714.0,219,4,1497.33,4,À Risque ⚠️
4325,16715.0,78,2,625.52,4,À Risque ⚠️
4326,16716.0,267,3,2149.6800000000003,4,À Risque ⚠️
4327,16717.0,24,14,6663.68,4,À Risque ⚠️
4328,16718.0,369,5,3006.08,0,Perdus 💤
4329,16719.0,15,14,3513.62,4,À Risque ⚠️
4330,16720.0,26,3,758.74,4,À Risque ⚠️
4331,16721.0,262,1,292.47,4,À Risque ⚠️
4332,16722.0,17,22,8189.56,1,Prometteurs 🌱
4333,16723.0,91,4,1231.36,4,À Risque ⚠️
4334,16724.0,405,1,147.35,0,Perdus 💤
4335,16725.0,302,14,1688.26,0,Perdus 💤
4336,16726.0,26,7,2063.88,4,À Risque ⚠️
4337,16727.0,364,4,1377.77,0,Perdus 💤
4338,16728.0,46,4,1048.28,4,À Risque ⚠️
4339,16729.0,38,21,7205.33,1,Prometteurs 🌱
4340,16730.0,52,3,743.11,4,À Risque ⚠️
4341,16731.0,648,1,170.3,0,Perdus 💤
4342,16732.0,32,4,4387.64,4,À Risque ⚠️
4343,16733.0,530,1,259.68,0,Perdus 💤
4344,16734.0,52,3,646.76,4,À Risque ⚠️
4345,16735.0,79,14,6217.41,4,À Risque ⚠️
4346,16736.0,506,5,2956.56,0,Perdus 💤
4347,16737.0,53,2,835.1999999999999,4,À Risque ⚠️
4348,16738.0,298,1,3.75,0,Perdus 💤
4349,16739.0,177,2,786.43,4,À Risque ⚠️
4350,16740.0,395,1,226.91,0,Perdus 💤
4351,16741.0,625,1,173.06,0,Perdus 💤
4352,16742.0,47,14,2799.87,4,À Risque ⚠️
4353,16743.0,29,14,4212.15,4,À Risque ⚠️
4354,16744.0,11,7,1291.91,4,À Risque ⚠️
4355,16745.0,87,17,7180.7,4,À Risque ⚠️
4356,16746.0,5,42,18046.75,1,Prometteurs 🌱
4357,16747.0,38,2,836.06,4,À Risque ⚠️
4358,16748.0,18,14,3637.33,4,À Risque ⚠️
4359,16749.0,591,2,4157.88,0,Perdus 💤
4360,16750.0,45,5,623.93,4,À Risque ⚠️
4361,16751.0,31,1,1764.72,4,À Risque ⚠️
4362,16752.0,373,1,207.5,0,Perdus 💤
4363,16753.0,58,1,223.92000000000002,4,À Risque ⚠️
4364,16754.0,372,29,65500.07,1,Prometteurs 🌱
4365,16755.0,114,7,2864.68,4,À Risque ⚠️
4366,16756.0,215,7,1312.3700000000001,4,À Risque ⚠️
4367,16757.0,319,2,270.48,0,Perdus 💤
4368,16758.0,65,1,369.34000000000003,4,À Risque ⚠️
4369,16759.0,8,3,789.79,4,À Risque ⚠️
4370,16760.0,430,1,228.0,0,Perdus 💤
4371,16761.0,97,1,316.62,4,À Risque ⚠️
4372,16762.0,20,3,1207.24,4,À Risque ⚠️
4373,16763.0,199,2,964.6999999999999,4,À Risque ⚠️
4374,16764.0,4,13,2790.9500000000003,4,À Risque ⚠️
4375,16765.0,294,2,454.75,0,Perdus 💤
4376,16766.0,273,2,1145.6,0,Perdus 💤
4377,16767.0,31,15,8056.76,4,À Risque ⚠️
4378,16768.0,48,9,1698.57,4,À Risque ⚠️
4379,16769.0,260,4,1117.05,4,À Risque ⚠️
4380,16770.0,58,9,1778.93,4,À Risque ⚠️
4381,16771.0,33,10,3949.6,4,À Risque ⚠️
4382,16772.0,423,3,3698.0499999999997,0,Perdus 💤
4383,16773.0,57,3,421.24,4,À Risque ⚠️
4384,16774.0,68,8,1567.48,4,À Risque ⚠️
4385,16775.0,10,16,2820.84,4,À Risque ⚠️
4386,16776.0,60,2,592.51,4,À Risque ⚠️
4387,16777.0,80,5,1292.18,4,À Risque ⚠️
4388,16778.0,74,2,245.94,4,À Risque ⚠️
4389,16779.0,2,53,32809.03,1,Prometteurs 🌱
4390,16780.0,100,3,596.4,4,À Risque ⚠️
4391,16781.0,372,2,623.0,0,Perdus 💤
4392,16782.0,10,38,9636.12,1,Prometteurs 🌱
4393,16783.0,437,1,391.95,0,Perdus 💤
4394,16784.0,20,5,892.33,4,À Risque ⚠️
4395,16785.0,410,1,533.78,0,Perdus 💤
4396,16786.0,394,1,51.839999999999996,0,Perdus 💤
4397,16787.0,398,4,1017.53,0,Perdus 💤
4398,16788.0,123,5,1928.93,4,À Risque ⚠️
4399,16789.0,8,1,80.8,4,À Risque ⚠️
4400,16790.0,4,6,1545.6200000000001,4,À Risque ⚠️
4401,16791.0,29,15,3957.63,4,À Risque ⚠️
4402,16792.0,282,5,623.46,0,Perdus 💤
4403,16793.0,57,1,243.84,4,À Risque ⚠️
4404,16794.0,1,15,2052.7,4,À Risque ⚠️
4405,16795.0,365,3,2062.41,0,Perdus 💤
4406,16796.0,89,1,305.62,4,À Risque ⚠️
4407,16797.0,393,5,1802.02,0,Perdus 💤
4408,16798.0,554,3,841.16,0,Perdus 💤
4409,16799.0,432,2,452.78000000000003,0,Perdus 💤
4410,16800.0,11,1,1162.65,4,À Risque ⚠️
4411,16801.0,163,4,1594.23,4,À Risque ⚠️
4412,16802.0,679,2,582.61,0,Perdus 💤
4413,16803.0,65,1,332.3,4,À Risque ⚠️
4414,16804.0,23,3,536.99,4,À Risque ⚠️
4415,16805.0,174,5,1091.34,4,À Risque ⚠️
4416,16806.0,103,4,762.16,4,À Risque ⚠️
4417,16807.0,143,6,2123.88,4,À Risque ⚠️
4418,16808.0,99,2,288.42,4,À Risque ⚠️
4419,16809.0,23,9,1727.43,4,À Risque ⚠️
4420,16810.0,192,2,842.0400000000001,4,À Risque ⚠️
4421,16811.0,5,2,547.07,4,À Risque ⚠️
4422,16812.0,361,4,2392.0,0,Perdus 💤
4423,16813.0,8,10,1652.18,4,À Risque ⚠️
4424,16814.0,14,36,11924.85,1,Prometteurs 🌱
4425,16815.0,454,2,406.02,0,Perdus 💤
4426,16816.0,103,4,417.06,4,À Risque ⚠️
4427,16817.0,3,13,2560.7,4,À Risque ⚠️
4428,16818.0,11,11,3349.57,4,À Risque ⚠️
4429,16819.0,465,2,182.59,0,Perdus 💤
4430,16820.0,96,1,497.61,4,À Risque ⚠️
4431,16821.0,382,1,113.35,0,Perdus 💤
4432,16822.0,686,1,181.39,0,Perdus 💤
4433,16823.0,227,7,2243.09,4,À Risque ⚠️
4434,16824.0,16,3,686.24,4,À Risque ⚠️
4435,16825.0,39,5,1826.89,4,À Risque ⚠️
4436,16826.0,51,1,341.7,4,À Risque ⚠️
4437,16827.0,393,5,392.13,0,Perdus 💤
4438,16828.0,93,2,128.5,4,À Risque ⚠️
4439,16829.0,157,2,513.32,4,À Risque ⚠️
4440,16830.0,39,4,1207.5,4,À Risque ⚠️
4441,16831.0,565,1,91.8,0,Perdus 💤
4442,16832.0,184,5,417.61,4,À Risque ⚠️
4443,16833.0,1,6,2409.04,4,À Risque ⚠️
4444,16834.0,228,2,898.96,4,À Risque ⚠️
4445,16835.0,128,6,1456.66,4,À Risque ⚠️
4446,16836.0,40,4,782.37,4,À Risque ⚠️
4447,16837.0,31,11,3170.98,4,À Risque ⚠️
4448,16838.0,197,4,1159.61,4,À Risque ⚠️
4449,16839.0,9,44,21758.25,1,Prometteurs 🌱
4450,16840.0,603,2,139.85,0,Perdus 💤
4451,16841.0,37,12,4006.06,4,À Risque ⚠️
4452,16842.0,101,3,1264.19,4,À Risque ⚠️
4453,16843.0,43,35,19571.43,1,Prometteurs 🌱
4454,16844.0,563,2,614.34,0,Perdus 💤
4455,16845.0,618,1,253.88,0,Perdus 💤
4456,16846.0,50,3,842.41,4,À Risque ⚠️
4457,16847.0,43,2,614.89,4,À Risque ⚠️
4458,16848.0,53,4,1411.62,4,À Risque ⚠️
4459,16849.0,187,1,124.57,4,À Risque ⚠️
4460,16850.0,334,1,332.41,0,Perdus 💤
4461,16851.0,4,3,342.45,4,À Risque ⚠️
4462,16852.0,10,2,144.91000000000003,4,À Risque ⚠️
4463,16854.0,417,2,1408.96,0,Perdus 💤
4464,16855.0,24,2,328.4,4,À Risque ⚠️
4465,16856.0,15,3,358.49,4,À Risque ⚠️
4466,16857.0,443,1,352.8,0,Perdus 💤
4467,16858.0,369,10,4292.59,0,Perdus 💤
4468,16859.0,145,7,1932.41,4,À Risque ⚠️
4469,16860.0,453,3,1610.62,0,Perdus 💤
4470,16861.0,60,5,946.59,4,À Risque ⚠️
4471,16862.0,547,4,662.33,0,Perdus 💤
4472,16863.0,31,3,834.27,4,À Risque ⚠️
4473,16864.0,434,2,409.25,0,Perdus 💤
4474,16865.0,402,1,130.95,0,Perdus 💤
4475,16866.0,141,3,207.73999999999998,4,À Risque ⚠️
4476,16867.0,690,1,76.74000000000001,0,Perdus 💤
4477,16868.0,394,3,384.56,0,Perdus 💤
4478,16869.0,23,4,817.12,4,À Risque ⚠️
4479,16870.0,469,1,450.15999999999997,0,Perdus 💤
4480,16871.0,22,6,2812.34,4,À Risque ⚠️
4481,16872.0,77,6,1213.13,4,À Risque ⚠️
4482,16873.0,5,12,14617.39,4,À Risque ⚠️
4483,16874.0,379,1,209.89000000000001,0,Perdus 💤
4484,16875.0,67,11,4234.53,4,À Risque ⚠️
4485,16876.0,404,1,136.01,0,Perdus 💤
4486,16877.0,12,6,846.62,4,À Risque ⚠️
4487,16878.0,84,1,13.3,4,À Risque ⚠️
4488,16880.0,31,8,1813.21,4,À Risque ⚠️
4489,16881.0,67,1,432.0,4,À Risque ⚠️
4490,16882.0,67,3,705.12,4,À Risque ⚠️
4491,16883.0,187,19,2246.06,4,À Risque ⚠️
4492,16884.0,38,4,1070.97,4,À Risque ⚠️
4493,16885.0,15,4,684.6,4,À Risque ⚠️
4494,16886.0,456,1,134.0,0,Perdus 💤
4495,16887.0,35,3,658.17,4,À Risque ⚠️
4496,16888.0,401,3,434.2,0,Perdus 💤
4497,16889.0,195,6,2526.65,4,À Risque ⚠️
4498,16890.0,477,3,285.41,0,Perdus 💤
4499,16891.0,2,11,1727.94,4,À Risque ⚠️
4500,16892.0,1,7,754.75,4,À Risque ⚠️
4501,16893.0,367,2,249.89000000000001,0,Perdus 💤
4502,16894.0,502,3,1306.96,0,Perdus 💤
4503,16895.0,65,5,1102.9,4,À Risque ⚠️
4504,16896.0,555,1,103.95,0,Perdus 💤
4505,16897.0,299,2,289.78,0,Perdus 💤
4506,16898.0,26,5,885.21,4,À Risque ⚠️
4507,16899.0,8,8,1695.77,4,À Risque ⚠️
4508,16900.0,17,3,887.11,4,À Risque ⚠️
4509,16901.0,729,1,204.26,0,Perdus 💤
4510,16902.0,116,1,1706.88,4,À Risque ⚠️
4511,16903.0,29,3,1041.75,4,À Risque ⚠️
4512,16904.0,4,21,4675.36,1,Prometteurs 🌱
4513,16905.0,5,17,4706.77,4,À Risque ⚠️
4514,16906.0,82,7,1410.92,4,À Risque ⚠️
4515,16907.0,29,9,1470.89,4,À Risque ⚠️
4516,16908.0,722,1,252.59,0,Perdus 💤
4517,16909.0,72,1,379.14,4,À Risque ⚠️
4518,16910.0,4,8,1508.96,4,À Risque ⚠️
4519,16911.0,636,2,255.25,0,Perdus 💤
4520,16912.0,29,15,4460.51,4,À Risque ⚠️
4521,16913.0,290,3,423.90999999999997,0,Perdus 💤
4522,16914.0,36,1,183.76,4,À Risque ⚠️
4523,16915.0,9,11,1543.18,4,À Risque ⚠️
4524,16916.0,24,4,902.02,4,À Risque ⚠️
4525,16917.0,277,2,1851.88,0,Perdus 💤
4526,16918.0,50,16,3206.54,4,À Risque ⚠️
4527,16919.0,156,24,4909.66,1,Prometteurs 🌱
4528,16920.0,411,1,355.45,0,Perdus 💤
4529,16921.0,61,3,409.21,4,À Risque ⚠️
4530,16922.0,573,1,611.08,0,Perdus 💤
4531,16923.0,12,32,13157.130000000001,1,Prometteurs 🌱
4532,16924.0,21,3,829.89,4,À Risque ⚠️
4533,16925.0,540,1,125.65,0,Perdus 💤
4534,16926.0,371,5,1169.6100000000001,0,Perdus 💤
4535,16927.0,116,3,543.05,4,À Risque ⚠️
4536,16928.0,80,29,3897.5299999999997,1,Prometteurs 🌱
4537,16929.0,4,7,1295.39,4,À Risque ⚠️
4538,16930.0,26,3,378.89,4,À Risque ⚠️
4539,16931.0,5,23,5032.22,1,Prometteurs 🌱
4540,16932.0,53,3,412.55,4,À Risque ⚠️
4541,16933.0,1,9,3099.3,4,À Risque ⚠️
4542,16934.0,55,6,2083.14,4,À Risque ⚠️
4543,16935.0,382,3,530.86,0,Perdus 💤
4544,16936.0,26,2,548.29,4,À Risque ⚠️
4545,16937.0,499,1,196.25,0,Perdus 💤
4546,16938.0,9,9,6995.360000000001,4,À Risque ⚠️
4547,16939.0,489,3,433.85,0,Perdus 💤
4548,16940.0,52,8,6427.66,4,À Risque ⚠️
4549,16941.0,612,1,33.0,0,Perdus 💤
4550,16942.0,13,9,1904.99,4,À Risque ⚠️
4551,16943.0,212,5,1299.49,4,À Risque ⚠️
4552,16944.0,610,1,101.36,0,Perdus 💤
4553,16945.0,22,33,8548.16,1,Prometteurs 🌱
4554,16946.0,383,5,1222.04,0,Perdus 💤
4555,16947.0,236,5,955.21,4,À Risque ⚠️
4556,16948.0,139,7,868.77,4,À Risque ⚠️
4557,16949.0,4,6,1286.27,4,À Risque ⚠️
4558,16950.0,57,10,3541.77,4,À Risque ⚠️
4559,16951.0,135,3,1277.75,4,À Risque ⚠️
4560,16952.0,109,5,795.83,4,À Risque ⚠️
4561,16953.0,30,1,20.8,4,À Risque ⚠️
4562,16954.0,1,20,6081.88,1,Prometteurs 🌱
4563,16955.0,185,6,1120.31,4,À Risque ⚠️
4564,16956.0,18,1,308.74,4,À Risque ⚠️
4565,16957.0,239,2,416.64,4,À Risque ⚠️
4566,16958.0,435,1,778.49,0,Perdus 💤
4567,16959.0,87,1,117.35000000000001,4,À Risque ⚠️
4568,16960.0,39,8,1990.88,4,À Risque ⚠️
4569,16961.0,116,3,794.56,4,À Risque ⚠️
4570,16962.0,410,1,251.04,0,Perdus 💤
4571,16963.0,187,1,110.55000000000001,4,À Risque ⚠️
4572,16964.0,733,2,207.85,0,Perdus 💤
4573,16965.0,227,1,201.19,4,À Risque ⚠️
4574,16966.0,8,7,2154.97,4,À Risque ⚠️
4575,16967.0,189,1,319.02,4,À Risque ⚠️
4576,16968.0,4,2,439.43,4,À Risque ⚠️
4577,16969.0,39,3,650.41,4,À Risque ⚠️
4578,16970.0,626,1,71.4,0,Perdus 💤
4579,16971.0,38,1,357.21,4,À Risque ⚠️
4580,16972.0,383,2,749.0,0,Perdus 💤
4581,16973.0,386,1,127.0,0,Perdus 💤
4582,16974.0,523,2,365.5,0,Perdus 💤
4583,16975.0,423,3,926.12,0,Perdus 💤
4584,16976.0,267,1,251.51999999999998,4,À Risque ⚠️
4585,16977.0,395,4,496.0,0,Perdus 💤
4586,16978.0,78,3,768.88,4,À Risque ⚠️
4587,16979.0,4,9,2859.74,4,À Risque ⚠️
4588,16980.0,255,3,1422.8300000000002,4,À Risque ⚠️
4589,16982.0,61,1,384.06,4,À Risque ⚠️
4590,16983.0,13,11,3490.5299999999997,4,À Risque ⚠️
4591,16984.0,88,9,10350.53,4,À Risque ⚠️
4592,16985.0,17,23,10923.16,1,Prometteurs 🌱
4593,16986.0,30,11,4888.75,4,À Risque ⚠️
4594,16987.0,3,11,2521.4,4,À Risque ⚠️
4595,16988.0,5,2,382.67,4,À Risque ⚠️
4596,16989.0,7,6,1133.25,4,À Risque ⚠️
4597,16990.0,219,2,344.0,4,À Risque ⚠️
4598,16991.0,421,1,1041.21,0,Perdus 💤
4599,16992.0,11,13,5476.5,4,À Risque ⚠️
4600,16993.0,464,2,1950.9499999999998,0,Perdus 💤
4601,16996.0,30,9,2123.61,4,À Risque ⚠️
4602,16997.0,288,3,702.0,0,Perdus 💤
4603,16998.0,150,5,402.0,4,À Risque ⚠️
4604,16999.0,23,2,484.82,4,À Risque ⚠️
4605,17000.0,396,2,406.3,0,Perdus 💤
4606,17001.0,1,19,6640.8,1,Prometteurs 🌱
4607,17002.0,86,7,2571.55,4,À Risque ⚠️
4608,17003.0,402,4,828.21,0,Perdus 💤
4609,17004.0,46,4,2324.36,4,À Risque ⚠️
4610,17005.0,471,2,622.36,0,Perdus 💤
4611,17006.0,5,8,1635.27,4,À Risque ⚠️
4612,17007.0,51,7,1120.1,4,À Risque ⚠️
4613,17008.0,429,1,81.36,0,Perdus 💤
4614,17009.0,551,1,242.06,0,Perdus 💤
4615,17010.0,18,1,195.36,4,À Risque ⚠️
4616,17011.0,30,3,671.7,4,À Risque ⚠️
4617,17012.0,725,1,360.61,0,Perdus 💤
4618,17014.0,8,3,583.4300000000001,4,À Risque ⚠️
4619,17015.0,29,3,1838.6100000000001,4,À Risque ⚠️
4620,17016.0,577,1,552.4,0,Perdus 💤
4621,17017.0,3,29,12576.99,1,Prometteurs 🌱
4622,17018.0,41,6,2287.7,4,À Risque ⚠️
4623,17019.0,11,11,3602.29,4,À Risque ⚠️
4624,17020.0,542,2,935.62,0,Perdus 💤
4625,17021.0,442,6,1182.22,0,Perdus 💤
4626,17022.0,31,2,260.0,4,À Risque ⚠️
4627,17023.0,417,3,800.18,0,Perdus 💤
4628,17024.0,45,3,95.85,4,À Risque ⚠️
4629,17025.0,61,5,1349.67,4,À Risque ⚠️
4630,17026.0,185,3,175.82999999999998,4,À Risque ⚠️
4631,17027.0,79,9,1310.63,4,À Risque ⚠️
4632,17028.0,581,3,1593.83,0,Perdus 💤
4633,17029.0,111,7,2137.3,4,À Risque ⚠️
4634,17030.0,64,1,146.87,4,À Risque ⚠️
4635,17031.0,12,6,2773.85,4,À Risque ⚠️
4636,17032.0,548,8,2984.32,0,Perdus 💤
4637,17033.0,86,4,1332.79,4,À Risque ⚠️
4638,17034.0,16,5,1276.42,4,À Risque ⚠️
4639,17035.0,246,4,613.59,4,À Risque ⚠️
4640,17036.0,383,1,176.9,0,Perdus 💤
4641,17037.0,88,1,1267.32,4,À Risque ⚠️
4642,17038.0,30,2,743.17,4,À Risque ⚠️
4643,17039.0,604,1,1954.99,0,Perdus 💤
4644,17040.0,138,2,463.25,4,À Risque ⚠️
4645,17041.0,27,6,1655.2,4,À Risque ⚠️
4646,17042.0,3,5,1036.58,4,À Risque ⚠️
4647,17043.0,32,8,2593.65,4,À Risque ⚠️
4648,17044.0,25,12,11962.3,4,À Risque ⚠️
4649,17045.0,113,5,827.6800000000001,4,À Risque ⚠️
4650,17046.0,157,5,1906.07,4,À Risque ⚠️
4651,17047.0,85,6,2289.23,4,À Risque ⚠️
4652,17048.0,118,7,2071.68,4,À Risque ⚠️
4653,17049.0,3,19,9942.53,1,Prometteurs 🌱
4654,17050.0,96,11,4648.59,4,À Risque ⚠️
4655,17051.0,194,4,706.49,4,À Risque ⚠️
4656,17052.0,28,1,399.09,4,À Risque ⚠️
4657,17053.0,131,1,498.48,4,À Risque ⚠️
4658,17054.0,28,5,1356.33,4,À Risque ⚠️
4659,17055.0,446,1,232.85,0,Perdus 💤
4660,17056.0,738,1,128.60000000000002,0,Perdus 💤
4661,17057.0,596,1,294.74,0,Perdus 💤
4662,17058.0,82,3,1179.89,4,À Risque ⚠️
4663,17059.0,30,9,4864.57,4,À Risque ⚠️
4664,17060.0,266,1,234.24,4,À Risque ⚠️
4665,17061.0,74,11,5232.2300000000005,4,À Risque ⚠️
4666,17062.0,314,6,889.75,0,Perdus 💤
4667,17063.0,21,13,3638.53,4,À Risque ⚠️
4668,17064.0,59,3,855.45,4,À Risque ⚠️
4669,17065.0,638,2,194.7,0,Perdus 💤
4670,17066.0,726,1,228.34,0,Perdus 💤
4671,17067.0,725,3,454.54,0,Perdus 💤
4672,17068.0,12,47,8987.68,1,Prometteurs 🌱
4673,17069.0,28,14,5517.2300000000005,4,À Risque ⚠️
4674,17070.0,114,2,437.42,4,À Risque ⚠️
4675,17071.0,28,13,3793.71,4,À Risque ⚠️
4676,17072.0,625,1,273.35,0,Perdus 💤
4677,17073.0,18,4,1446.09,4,À Risque ⚠️
4678,17074.0,563,1,203.05,0,Perdus 💤
4679,17075.0,18,10,2236.63,4,À Risque ⚠️
4680,17076.0,36,6,1242.75,4,À Risque ⚠️
4681,17077.0,578,1,306.0,0,Perdus 💤
4682,17078.0,36,2,378.2,4,À Risque ⚠️
4683,17079.0,78,1,118.80000000000001,4,À Risque ⚠️
4684,17080.0,22,7,957.53,4,À Risque ⚠️
4685,17081.0,25,6,949.39,4,À Risque ⚠️
4686,17082.0,33,6,4732.03,4,À Risque ⚠️
4687,17083.0,109,9,4049.79,4,À Risque ⚠️
4688,17084.0,35,3,5001.21,4,À Risque ⚠️
4689,17085.0,123,28,7847.67,1,Prometteurs 🌱
4690,17086.0,7,6,2050.08,4,À Risque ⚠️
4691,17087.0,738,1,221.53,0,Perdus 💤
4692,17088.0,28,4,1991.01,4,À Risque ⚠️
4693,17089.0,386,1,128.45,0,Perdus 💤
4694,17090.0,4,13,3080.1800000000003,4,À Risque ⚠️
4695,17091.0,3,19,7495.75,1,Prometteurs 🌱
4696,17092.0,50,11,5511.41,4,À Risque ⚠️
4697,17093.0,593,1,235.88,0,Perdus 💤
4698,17094.0,322,2,402.20000000000005,0,Perdus 💤
4699,17095.0,23,7,2572.25,4,À Risque ⚠️
4700,17096.0,15,11,3697.93,4,À Risque ⚠️
4701,17097.0,2,9,1143.36,4,À Risque ⚠️
4702,17098.0,382,3,591.0699999999999,0,Perdus 💤
4703,17099.0,533,1,582.17,0,Perdus 💤
4704,17100.0,18,2,971.74,4,À Risque ⚠️
4705,17101.0,10,7,2507.05,4,À Risque ⚠️
4706,17102.0,262,1,25.5,4,À Risque ⚠️
4707,17103.0,722,1,424.3,0,Perdus 💤
4708,17104.0,424,1,474.03,0,Perdus 💤
4709,17105.0,159,2,665.78,4,À Risque ⚠️
4710,17106.0,389,1,481.58,0,Perdus 💤
4711,17107.0,33,10,16052.72,4,À Risque ⚠️
4712,17108.0,664,1,174.95,0,Perdus 💤
4713,17109.0,29,8,1291.71,4,À Risque ⚠️
4714,17110.0,165,3,499.9,4,À Risque ⚠️
4715,17111.0,47,2,459.58,4,À Risque ⚠️
4716,17112.0,503,1,197.57,0,Perdus 💤
4717,17113.0,574,6,2305.59,0,Perdus 💤
4718,17114.0,6,8,801.12,4,À Risque ⚠️
4719,17115.0,8,7,2761.4900000000002,4,À Risque ⚠️
4720,17116.0,648,1,389.78,0,Perdus 💤
4721,17117.0,288,1,116.19999999999999,0,Perdus 💤
4722,17118.0,318,1,157.02,0,Perdus 💤
4723,17119.0,3,2,606.91,4,À Risque ⚠️
4724,17120.0,233,1,307.46,4,À Risque ⚠️
4725,17121.0,403,1,314.74,0,Perdus 💤
4726,17122.0,119,4,570.5,4,À Risque ⚠️
4727,17123.0,162,3,977.17,4,À Risque ⚠️
4728,17124.0,185,1,294.24,4,À Risque ⚠️
4729,17125.0,50,1,230.5,4,À Risque ⚠️
4730,17126.0,152,9,2016.43,4,À Risque ⚠️
4731,17127.0,429,5,1155.0300000000002,0,Perdus 💤
4732,17128.0,335,1,157.09,0,Perdus 💤
4733,17129.0,520,1,31.85,0,Perdus 💤
4734,17131.0,5,5,2463.17,4,À Risque ⚠️
4735,17132.0,452,2,1220.9099999999999,0,Perdus 💤
4736,17133.0,16,12,14622.33,4,À Risque ⚠️
4737,17134.0,107,3,625.3,4,À Risque ⚠️
4738,17135.0,16,10,1722.18,4,À Risque ⚠️
4739,17136.0,662,1,231.68,0,Perdus 💤
4740,17137.0,416,6,1099.81,0,Perdus 💤
4741,17138.0,276,7,4417.27,4,À Risque ⚠️
4742,17139.0,16,25,19566.76,1,Prometteurs 🌱
4743,17140.0,247,1,454.12,4,À Risque ⚠️
4744,17141.0,418,4,727.58,0,Perdus 💤
4745,17142.0,239,4,1275.25,4,À Risque ⚠️
4746,17143.0,417,2,880.97,0,Perdus 💤
4747,17144.0,1,2,984.57,4,À Risque ⚠️
4748,17145.0,513,4,3120.91,0,Perdus 💤
4749,17146.0,106,13,5852.64,4,À Risque ⚠️
4750,17147.0,23,9,3199.95,4,À Risque ⚠️
4751,17148.0,52,1,124.88,4,À Risque ⚠️
4752,17149.0,451,1,143.10000000000002,0,Perdus 💤
4753,17150.0,377,6,1357.95,0,Perdus 💤
4754,17151.0,735,1,231.90000000000003,0,Perdus 💤
4755,17152.0,195,4,2016.5,4,À Risque ⚠️
4756,17153.0,24,1,213.78,4,À Risque ⚠️
4757,17154.0,75,1,329.34,4,À Risque ⚠️
4758,17155.0,18,7,892.46,4,À Risque ⚠️
4759,17156.0,492,1,591.87,0,Perdus 💤
4760,17157.0,8,19,5151.9,1,Prometteurs 🌱
4761,17158.0,32,5,1980.0,4,À Risque ⚠️
4762,17159.0,22,5,2099.59,4,À Risque ⚠️
4763,17160.0,31,17,10209.16,1,Prometteurs 🌱
4764,17161.0,444,1,856.01,0,Perdus 💤
4765,17162.0,29,10,1715.46,4,À Risque ⚠️
4766,17163.0,22,4,699.78,4,À Risque ⚠️
4767,17164.0,33,7,2467.35,4,À Risque ⚠️
4768,17165.0,284,6,1794.32,0,Perdus 💤
4769,17166.0,39,2,206.34,4,À Risque ⚠️
4770,17167.0,380,3,867.11,0,Perdus 💤
4771,17168.0,499,1,400.2,0,Perdus 💤
4772,17169.0,58,3,1156.73,4,À Risque ⚠️
4773,17170.0,374,2,178.68,0,Perdus 💤
4774,17171.0,289,2,384.59,0,Perdus 💤
4775,17172.0,79,3,956.5699999999999,4,À Risque ⚠️
4776,17173.0,5,8,3766.6,4,À Risque ⚠️
4777,17174.0,218,1,59.9,4,À Risque ⚠️
4778,17175.0,44,4,1443.69,4,À Risque ⚠️
4779,17176.0,202,3,902.3199999999999,4,À Risque ⚠️
4780,17177.0,505,1,119.5,0,Perdus 💤
4781,17178.0,731,1,432.96,0,Perdus 💤
4782,17179.0,178,6,1507.26,4,À Risque ⚠️
4783,17180.0,56,11,2236.77,4,À Risque ⚠️
4784,17181.0,57,3,309.85,4,À Risque ⚠️
4785,17182.0,423,2,321.3,0,Perdus 💤
4786,17183.0,8,6,3347.31,4,À Risque ⚠️
4787,17184.0,569,2,198.41000000000003,0,Perdus 💤
4788,17185.0,592,3,229.46,0,Perdus 💤
4789,17186.0,47,2,144.0,4,À Risque ⚠️
4790,17187.0,227,2,467.71,4,À Risque ⚠️
4791,17188.0,11,13,4592.93,4,À Risque ⚠️
4792,17189.0,106,5,953.63,4,À Risque ⚠️
4793,17190.0,59,7,1726.57,4,À Risque ⚠️
4794,17191.0,28,15,4310.34,4,À Risque ⚠️
4795,17192.0,536,1,75.28,0,Perdus 💤
4796,17193.0,36,9,2310.04,4,À Risque ⚠️
4797,17194.0,274,3,812.5,0,Perdus 💤
4798,17195.0,655,1,562.98,0,Perdus 💤
4799,17196.0,428,1,327.75,0,Perdus 💤
4800,17197.0,30,1,1013.01,4,À Risque ⚠️
4801,17198.0,24,3,692.22,4,À Risque ⚠️
4802,17199.0,582,1,135.04000000000002,0,Perdus 💤
4803,17200.0,387,4,356.71,0,Perdus 💤
4804,17201.0,54,4,1143.1,4,À Risque ⚠️
4805,17202.0,421,1,160.65,0,Perdus 💤
4806,17203.0,36,10,5564.09,4,À Risque ⚠️
4807,17204.0,175,9,5504.6900000000005,4,À Risque ⚠️
4808,17205.0,54,3,999.35,4,À Risque ⚠️
4809,17206.0,53,1,204.24,4,À Risque ⚠️
4810,17207.0,652,1,292.62,0,Perdus 💤
4811,17208.0,396,1,111.15,0,Perdus 💤
4812,17209.0,649,3,595.7,0,Perdus 💤
4813,17210.0,393,1,251.72,0,Perdus 💤
4814,17211.0,27,13,3773.35,4,À Risque ⚠️
4815,17212.0,253,3,794.41,4,À Risque ⚠️
4816,17213.0,40,13,4869.400000000001,4,À Risque ⚠️
4817,17214.0,60,6,1059.1200000000001,4,À Risque ⚠️
4818,17215.0,464,1,186.15,0,Perdus 💤
4819,17216.0,554,1,63.6,0,Perdus 💤
4820,17217.0,234,2,210.1,4,À Risque ⚠️
4821,17218.0,4,18,3891.39,4,À Risque ⚠️
4822,17219.0,32,2,259.13,4,À Risque ⚠️
4823,17220.0,24,21,4457.31,1,Prometteurs 🌱
4824,17221.0,7,5,976.62,4,À Risque ⚠️
4825,17222.0,65,6,1579.51,4,À Risque ⚠️
4826,17223.0,310,3,558.04,0,Perdus 💤
4827,17224.0,501,1,100.86,0,Perdus 💤
4828,17225.0,582,1,131.15,0,Perdus 💤
4829,17226.0,309,3,895.47,0,Perdus 💤
4830,17227.0,19,12,1878.93,4,À Risque ⚠️
4831,17228.0,16,13,2820.03,4,À Risque ⚠️
4832,17229.0,96,2,318.76,4,À Risque ⚠️
4833,17230.0,264,18,9388.49,1,Prometteurs 🌱
4834,17231.0,12,25,7064.8,1,Prometteurs 🌱
4835,17232.0,3,2,417.77,4,À Risque ⚠️
4836,17233.0,35,3,560.86,4,À Risque ⚠️
4837,17234.0,183,1,149.89000000000001,4,À Risque ⚠️
4838,17235.0,25,8,1562.98,4,À Risque ⚠️
4839,17236.0,13,12,1929.26,4,À Risque ⚠️
4840,17237.0,11,4,994.13,4,À Risque ⚠️
4841,17238.0,3,32,7331.67,1,Prometteurs 🌱
4842,17239.0,313,4,1189.45,0,Perdus 💤
4843,17240.0,596,1,130.6,0,Perdus 💤
4844,17241.0,385,12,2736.64,0,Perdus 💤
4845,17242.0,108,5,2889.28,4,À Risque ⚠️
4846,17243.0,1,69,20203.58,1,Prometteurs 🌱
4847,17244.0,53,5,1826.04,4,À Risque ⚠️
4848,17245.0,205,2,371.63,4,À Risque ⚠️
4849,17246.0,547,2,38.92,0,Perdus 💤
4850,17247.0,15,1,280.09000000000003,4,À Risque ⚠️
4851,17248.0,120,2,500.54,4,À Risque ⚠️
4852,17249.0,429,1,68.03,0,Perdus 💤
4853,17250.0,4,2,381.97,4,À Risque ⚠️
4854,17251.0,363,3,798.98,0,Perdus 💤
4855,17252.0,117,2,348.91,4,À Risque ⚠️
4856,17253.0,18,1,178.26,4,À Risque ⚠️
4857,17254.0,5,3,469.48,4,À Risque ⚠️
4858,17255.0,41,4,781.7,4,À Risque ⚠️
4859,17256.0,107,5,498.93,4,À Risque ⚠️
4860,17257.0,436,2,189.78,0,Perdus 💤
4861,17258.0,397,2,417.3,0,Perdus 💤
4862,17259.0,148,6,1452.39,4,À Risque ⚠️
4863,17260.0,411,1,120.95,0,Perdus 💤
4864,17261.0,510,1,221.59,0,Perdus 💤
4865,17262.0,52,11,2488.76,4,À Risque ⚠️
4866,17263.0,208,1,63.440000000000005,4,À Risque ⚠️
4867,17264.0,424,1,268.28,0,Perdus 💤
4868,17265.0,139,2,550.01,4,À Risque ⚠️
4869,17266.0,2,5,501.71999999999997,4,À Risque ⚠️
4870,17267.0,127,2,317.2,4,À Risque ⚠️
4871,17268.0,108,11,1733.8899999999999,4,À Risque ⚠️
4872,17269.0,386,1,491.81,0,Perdus 💤
4873,17270.0,469,2,601.4499999999999,0,Perdus 💤
4874,17271.0,736,1,204.3,0,Perdus 💤
4875,17272.0,42,4,2148.63,4,À Risque ⚠️
4876,17273.0,424,1,141.12,0,Perdus 💤
4877,17274.0,35,2,573.22,4,À Risque ⚠️
4878,17275.0,383,1,114.1,0,Perdus 💤
4879,17276.0,402,1,502.49,0,Perdus 💤
4880,17277.0,228,2,1065.3500000000001,4,À Risque ⚠️
4881,17278.0,241,2,271.24,4,À Risque ⚠️
4882,17279.0,58,1,187.82999999999998,4,À Risque ⚠️
4883,17280.0,438,1,118.85999999999999,0,Perdus 💤
4884,17281.0,374,6,797.8499999999999,0,Perdus 💤
4885,17282.0,130,5,2308.54,4,À Risque ⚠️
4886,17283.0,379,1,188.46,0,Perdus 💤
4887,17284.0,60,8,2788.06,4,À Risque ⚠️
4888,17285.0,628,2,407.94,0,Perdus 💤
4889,17286.0,22,3,389.18,4,À Risque ⚠️
4890,17287.0,26,21,3826.86,1,Prometteurs 🌱
4891,17288.0,9,11,2468.43,4,À Risque ⚠️
4892,17289.0,32,9,2041.8,4,À Risque ⚠️
4893,17290.0,4,8,1487.96,4,À Risque ⚠️
4894,17291.0,308,1,550.8000000000001,0,Perdus 💤
4895,17292.0,472,2,271.75,0,Perdus 💤
4896,17293.0,8,17,3750.63,4,À Risque ⚠️
4897,17294.0,669,2,467.78999999999996,0,Perdus 💤
4898,17295.0,29,3,547.0,4,À Risque ⚠️
4899,17296.0,730,1,338.13,0,Perdus 💤
4900,17297.0,17,1,128.18,4,À Risque ⚠️
4901,17298.0,101,5,954.26,4,À Risque ⚠️
4902,17299.0,12,6,993.23,4,À Risque ⚠️
4903,17300.0,391,2,393.64,0,Perdus 💤
4904,17301.0,21,2,294.39,4,À Risque ⚠️
4905,17302.0,15,5,1135.63,4,À Risque ⚠️
4906,17303.0,361,1,250.04,0,Perdus 💤
4907,17304.0,534,1,111.5,0,Perdus 💤
4908,17305.0,649,1,2135.46,0,Perdus 💤
4909,17306.0,11,21,9782.35,1,Prometteurs 🌱
4910,17307.0,395,11,3999.8900000000003,0,Perdus 💤
4911,17308.0,393,2,4511.76,0,Perdus 💤
4912,17309.0,95,3,320.39,4,À Risque ⚠️
4913,17310.0,387,2,1025.1,0,Perdus 💤
4914,17311.0,78,6,3566.56,4,À Risque ⚠️
4915,17312.0,139,3,644.3,4,À Risque ⚠️
4916,17313.0,31,1,2328.84,4,À Risque ⚠️
4917,17314.0,25,17,4904.43,4,À Risque ⚠️
4918,17315.0,2,43,9599.58,1,Prometteurs 🌱
4919,17316.0,420,1,124.45,0,Perdus 💤
4920,17317.0,46,3,2600.34,4,À Risque ⚠️
4921,17318.0,725,1,157.32999999999998,0,Perdus 💤
4922,17319.0,669,1,29.1,0,Perdus 💤
4923,17320.0,100,6,2444.85,4,À Risque ⚠️
4924,17321.0,8,6,1665.21,4,À Risque ⚠️
4925,17322.0,376,5,922.59,0,Perdus 💤
4926,17323.0,15,12,1551.04,4,À Risque ⚠️
4927,17324.0,18,12,2171.07,4,À Risque ⚠️
4928,17325.0,280,3,609.5699999999999,0,Perdus 💤
4929,17326.0,408,2,312.35,0,Perdus 💤
4930,17327.0,410,2,152.35,0,Perdus 💤
4931,17328.0,673,1,104.7,0,Perdus 💤
4932,17329.0,14,5,998.53,4,À Risque ⚠️
4933,17330.0,23,4,423.8,4,À Risque ⚠️
4934,17331.0,124,1,175.2,4,À Risque ⚠️
4935,17332.0,528,5,838.27,0,Perdus 💤
4936,17333.0,86,1,494.25,4,À Risque ⚠️
4937,17334.0,302,3,635.15,0,Perdus 💤
4938,17335.0,384,2,497.04,0,Perdus 💤
4939,17336.0,472,1,81.12,0,Perdus 💤
4940,17337.0,151,4,1981.06,4,À Risque ⚠️
4941,17338.0,17,17,11889.33,1,Prometteurs 🌱
4942,17339.0,94,3,302.36,4,À Risque ⚠️
4943,17340.0,30,18,19617.95,1,Prometteurs 🌱
4944,17341.0,157,5,1272.21,4,À Risque ⚠️
4945,17342.0,380,4,1227.54,0,Perdus 💤
4946,17343.0,355,6,1259.94,0,Perdus 💤
4947,17344.0,46,2,457.36,4,À Risque ⚠️
4948,17345.0,15,10,1586.6299999999999,4,À Risque ⚠️
4949,17346.0,4,26,4998.61,1,Prometteurs 🌱
4950,17347.0,86,1,228.96,4,À Risque ⚠️
4951,17348.0,15,9,2442.29,4,À Risque ⚠️
4952,17349.0,179,5,772.41,4,À Risque ⚠️
4953,17350.0,8,7,1893.701,4,À Risque ⚠️
4954,17351.0,36,12,1988.23,4,À Risque ⚠️
4955,17352.0,696,1,36.25,0,Perdus 💤
4956,17353.0,129,4,3242.0,4,À Risque ⚠️
4957,17354.0,51,4,3133.96,4,À Risque ⚠️
4958,17355.0,386,1,273.31,0,Perdus 💤
4959,17356.0,312,5,946.47,0,Perdus 💤
4960,17357.0,24,2,384.39,4,À Risque ⚠️
4961,17358.0,303,5,861.01,0,Perdus 💤
4962,17359.0,11,2,284.46,4,À Risque ⚠️
4963,17360.0,17,6,1200.51,4,À Risque ⚠️
4964,17361.0,49,5,871.79,4,À Risque ⚠️
4965,17362.0,239,7,1024.04,4,À Risque ⚠️
4966,17363.0,395,3,920.46,0,Perdus 💤
4967,17364.0,1,28,11972.92,1,Prometteurs 🌱
4968,17365.0,13,15,8184.49,4,À Risque ⚠️
4969,17366.0,432,2,1077.24,0,Perdus 💤
4970,17367.0,238,1,167.55,4,À Risque ⚠️
4971,17368.0,23,14,2758.29,4,À Risque ⚠️
4972,17369.0,456,1,979.1999999999999,0,Perdus 💤
4973,17370.0,73,4,446.18,4,À Risque ⚠️
4974,17371.0,17,6,655.37,4,À Risque ⚠️
4975,17372.0,41,28,4347.31,1,Prometteurs 🌱
4976,17373.0,40,7,1167.5,4,À Risque ⚠️
4977,17374.0,219,3,727.11,4,À Risque ⚠️
4978,17375.0,199,4,660.55,4,À Risque ⚠️
4979,17376.0,71,4,453.64,4,À Risque ⚠️
4980,17377.0,24,78,17644.27,1,Prometteurs 🌱
4981,17378.0,374,1,10.95,0,Perdus 💤
4982,17379.0,11,1,389.71999999999997,4,À Risque ⚠️
4983,17380.0,434,3,645.0,0,Perdus 💤
4984,17381.0,9,38,36398.65,1,Prometteurs 🌱
4985,17382.0,65,8,902.28,4,À Risque ⚠️
4986,17383.0,4,2,304.09,4,À Risque ⚠️
4987,17384.0,19,3,507.55,4,À Risque ⚠️
4988,17385.0,15,1,256.11,4,À Risque ⚠️
4989,17386.0,8,7,2812.77,4,À Risque ⚠️
4990,17387.0,20,2,746.81,4,À Risque ⚠️
4991,17388.0,78,11,2675.37,4,À Risque ⚠️
4992,17389.0,1,61,57215.33,1,Prometteurs 🌱
4993,17390.0,421,1,149.3,0,Perdus 💤
4994,17391.0,164,2,508.8,4,À Risque ⚠️
4995,17392.0,307,3,585.92,0,Perdus 💤
4996,17393.0,411,2,381.15,0,Perdus 💤
4997,17394.0,219,1,203.86999999999998,4,À Risque ⚠️
4998,17395.0,508,1,97.5,0,Perdus 💤
4999,17396.0,39,14,8409.6,4,À Risque ⚠️
5000,17397.0,22,3,1198.28,4,À Risque ⚠️
5001,17398.0,115,3,653.38,4,À Risque ⚠️
5002,17400.0,126,8,4623.28,4,À Risque ⚠️
5003,17401.0,541,1,114.85,0,Perdus 💤
5004,17402.0,5,23,4635.5599999999995,1,Prometteurs 🌱
5005,17403.0,36,2,382.87,4,À Risque ⚠️
5006,17404.0,4,23,47781.12,1,Prometteurs 🌱
5007,17405.0,1,3,1031.41,4,À Risque ⚠️
5008,17406.0,333,13,4186.95,0,Perdus 💤
5009,17407.0,412,1,552.9,0,Perdus 💤
5010,17408.0,163,3,316.09000000000003,4,À Risque ⚠️
5011,17409.0,185,10,7793.51,4,À Risque ⚠️
5012,17410.0,16,5,1214.72,4,À Risque ⚠️
5013,17411.0,12,5,1425.38,4,À Risque ⚠️
5014,17412.0,3,16,4220.22,4,À Risque ⚠️
5015,17413.0,405,2,560.14,0,Perdus 💤
5016,17414.0,44,6,2249.52,4,À Risque ⚠️
5017,17415.0,80,1,507.84,4,À Risque ⚠️
5018,17416.0,30,22,17298.45,1,Prometteurs 🌱
5019,17417.0,549,1,164.18,0,Perdus 💤
5020,17418.0,42,3,670.0600000000001,4,À Risque ⚠️
5021,17419.0,11,18,6126.25,1,Prometteurs 🌱
5022,17420.0,50,6,953.58,4,À Risque ⚠️
5023,17421.0,386,3,1059.41,0,Perdus 💤
5024,17422.0,16,11,3594.76,4,À Risque ⚠️
5025,17423.0,46,3,1118.95,4,À Risque ⚠️
5026,17425.0,19,2,759.17,4,À Risque ⚠️
5027,17426.0,8,13,8077.77,4,À Risque ⚠️
5028,17427.0,72,1,100.8,4,À Risque ⚠️
5029,17428.0,1,45,31466.760000000002,1,Prometteurs 🌱
5030,17429.0,128,5,1357.46,4,À Risque ⚠️
5031,17430.0,33,4,622.57,4,À Risque ⚠️
5032,17431.0,313,1,403.3,0,Perdus 💤
5033,17432.0,18,9,1728.99,4,À Risque ⚠️
5034,17433.0,88,2,569.96,4,À Risque ⚠️
5035,17434.0,2,7,2373.82,4,À Risque ⚠️
5036,17435.0,411,1,331.35,0,Perdus 💤
5037,17436.0,2,5,534.06,4,À Risque ⚠️
5038,17437.0,530,1,369.68,0,Perdus 💤
5039,17438.0,254,5,1422.77,4,À Risque ⚠️
5040,17439.0,656,1,325.74,0,Perdus 💤
5041,17440.0,157,4,323.58,4,À Risque ⚠️
5042,17441.0,732,1,293.35,0,Perdus 💤
5043,17442.0,37,15,4620.3,4,À Risque ⚠️
5044,17443.0,220,1,534.24,4,À Risque ⚠️
5045,17444.0,148,3,2940.04,4,À Risque ⚠️
5046,17446.0,177,2,120.9,4,À Risque ⚠️
5047,17447.0,40,2,541.53,4,À Risque ⚠️
5048,17448.0,497,46,14523.67,1,Prometteurs 🌱
5049,17449.0,2,13,4868.15,4,À Risque ⚠️
5050,17450.0,8,51,244784.25,2,Loyal Customers 🥈
5051,17451.0,1,7,1721.4,4,À Risque ⚠️
5052,17453.0,18,2,486.71999999999997,4,À Risque ⚠️
5053,17454.0,192,10,1547.94,4,À Risque ⚠️
5054,17455.0,204,1,131.7,4,À Risque ⚠️
5055,17456.0,365,2,975.5600000000001,0,Perdus 💤
5056,17457.0,127,14,5984.8099999999995,4,À Risque ⚠️
5057,17458.0,15,2,529.58,4,À Risque ⚠️
5058,17459.0,43,2,657.3,4,À Risque ⚠️
5059,17460.0,94,16,2157.9700000000003,4,À Risque ⚠️
5060,17461.0,23,3,735.82,4,À Risque ⚠️
5061,17462.0,60,2,675.69,4,À Risque ⚠️
5062,17463.0,16,7,2535.26,4,À Risque ⚠️
5063,17464.0,158,3,907.14,4,À Risque ⚠️
5064,17465.0,426,7,2542.79,0,Perdus 💤
5065,17466.0,10,2,763.28,4,À Risque ⚠️
5066,17467.0,395,1,102.6,0,Perdus 💤
5067,17468.0,10,3,194.8,4,À Risque ⚠️
5068,17469.0,16,17,5051.25,4,À Risque ⚠️
5069,17470.0,45,11,2626.47,4,À Risque ⚠️
5070,17471.0,475,1,321.65000000000003,0,Perdus 💤
5071,17472.0,191,4,922.35,4,À Risque ⚠️
5072,17473.0,409,2,607.0,0,Perdus 💤
5073,17474.0,600,1,1047.0,0,Perdus 💤
5074,17475.0,79,1,194.37,4,À Risque ⚠️
5075,17476.0,396,2,489.86,0,Perdus 💤
5076,17477.0,613,2,1144.3,0,Perdus 💤
5077,17478.0,408,2,1272.8,0,Perdus 💤
5078,17479.0,633,1,389.26000000000005,0,Perdus 💤
5079,17480.0,78,2,882.23,4,À Risque ⚠️
5080,17481.0,4,4,1255.59,4,À Risque ⚠️
5081,17482.0,487,2,775.64,0,Perdus 💤
5082,17483.0,65,4,591.73,4,À Risque ⚠️
5083,17484.0,576,2,209.57,0,Perdus 💤
5084,17486.0,261,1,396.87,4,À Risque ⚠️
5085,17487.0,728,1,160.55,0,Perdus 💤
5086,17488.0,641,1,336.5,0,Perdus 💤
5087,17489.0,59,2,376.64,4,À Risque ⚠️
5088,17490.0,1,9,2750.5,4,À Risque ⚠️
5089,17491.0,1,17,5653.67,4,À Risque ⚠️
5090,17492.0,248,3,1122.42,4,À Risque ⚠️
5091,17493.0,385,1,100.91000000000001,0,Perdus 💤
5092,17494.0,502,1,54.699999999999996,0,Perdus 💤
5093,17495.0,8,3,806.72,4,À Risque ⚠️
5094,17496.0,359,4,1412.89,0,Perdus 💤
5095,17497.0,390,2,287.25,0,Perdus 💤
5096,17498.0,76,1,272.22,4,À Risque ⚠️
5097,17499.0,290,2,1341.39,0,Perdus 💤
5098,17500.0,17,3,1138.0,4,À Risque ⚠️
5099,17501.0,221,2,288.6,4,À Risque ⚠️
5100,17502.0,9,4,689.1,4,À Risque ⚠️
5101,17503.0,3,2,558.96,4,À Risque ⚠️
5102,17504.0,206,18,9490.17,1,Prometteurs 🌱
5103,17505.0,162,5,2435.48,4,À Risque ⚠️
5104,17506.0,76,1,302.2,4,À Risque ⚠️
5105,17507.0,262,2,605.58,4,À Risque ⚠️
5106,17508.0,281,8,4579.23,4,À Risque ⚠️
5107,17509.0,58,8,6083.64,4,À Risque ⚠️
5108,17510.0,25,2,514.56,4,À Risque ⚠️
5109,17511.0,3,60,172132.87,2,Loyal Customers 🥈
5110,17512.0,29,18,5467.820000000001,1,Prometteurs 🌱
5111,17513.0,72,3,1158.8,4,À Risque ⚠️
5112,17514.0,128,2,522.0,4,À Risque ⚠️
5113,17515.0,31,9,1602.51,4,À Risque ⚠️
5114,17516.0,15,6,947.5,4,À Risque ⚠️
5115,17517.0,309,1,153.94,0,Perdus 💤
5116,17518.0,426,2,329.42,0,Perdus 💤
5117,17519.0,17,15,4774.17,4,À Risque ⚠️
5118,17520.0,54,1,546.81,4,À Risque ⚠️
5119,17521.0,30,5,1278.06,4,À Risque ⚠️
5120,17522.0,2,5,1070.71,4,À Risque ⚠️
5121,17523.0,11,4,652.74,4,À Risque ⚠️
5122,17524.0,361,3,539.14,0,Perdus 💤
5123,17525.0,360,3,1161.9,0,Perdus 💤
5124,17526.0,5,12,3939.24,4,À Risque ⚠️
5125,17527.0,54,4,939.37,4,À Risque ⚠️
5126,17528.0,1,8,3628.5,4,À Risque ⚠️
5127,17529.0,610,2,1240.25,0,Perdus 💤
5128,17530.0,1,12,2791.69,4,À Risque ⚠️
5129,17531.0,190,3,1266.82,4,À Risque ⚠️
5130,17532.0,386,1,65.34,0,Perdus 💤
5131,17533.0,435,1,34.8,0,Perdus 💤
5132,17534.0,54,5,1668.83,4,À Risque ⚠️
5133,17535.0,280,1,164.4,0,Perdus 💤
5134,17536.0,177,3,364.83,4,À Risque ⚠️
5135,17537.0,30,2,887.67,4,À Risque ⚠️
5136,17538.0,26,1,98.42,4,À Risque ⚠️
5137,17539.0,618,4,1176.84,0,Perdus 💤
5138,17540.0,25,6,1590.6000000000001,4,À Risque ⚠️
5139,17541.0,510,1,119.86,0,Perdus 💤
5140,17542.0,270,3,340.85,4,À Risque ⚠️
5141,17543.0,550,1,120.05,0,Perdus 💤
5142,17544.0,390,3,944.82,0,Perdus 💤
5143,17545.0,43,6,1409.8600000000001,4,À Risque ⚠️
5144,17547.0,376,2,727.85,0,Perdus 💤
5145,17548.0,234,4,731.26,4,À Risque ⚠️
5146,17549.0,24,2,148.86,4,À Risque ⚠️
5147,17550.0,197,9,2506.64,4,À Risque ⚠️
5148,17551.0,359,1,290.34,0,Perdus 💤
5149,17552.0,60,12,2786.77,4,À Risque ⚠️
5150,17553.0,130,4,3757.6,4,À Risque ⚠️
5151,17554.0,1,5,1952.45,4,À Risque ⚠️
5152,17555.0,20,5,1045.74,4,À Risque ⚠️
5153,17556.0,206,2,300.67,4,À Risque ⚠️
5154,17557.0,14,4,575.46,4,À Risque ⚠️
5155,17558.0,393,1,259.17,0,Perdus 💤
5156,17559.0,513,1,167.62,0,Perdus 💤
5157,17560.0,95,8,1895.8,4,À Risque ⚠️
5158,17561.0,19,4,703.02,4,À Risque ⚠️
5159,17562.0,14,7,1122.38,4,À Risque ⚠️
5160,17563.0,578,2,392.38,0,Perdus 💤
5161,17564.0,24,3,454.01,4,À Risque ⚠️
5162,17565.0,587,1,131.83,0,Perdus 💤
5163,17566.0,8,2,869.77,4,À Risque ⚠️
5164,17567.0,7,9,4838.08,4,À Risque ⚠️
5165,17568.0,633,1,374.45,0,Perdus 💤
5166,17569.0,332,1,344.14,0,Perdus 💤
5167,17570.0,382,1,100.0,0,Perdus 💤
5168,17571.0,50,5,1630.91,4,À Risque ⚠️
5169,17572.0,71,10,652.21,4,À Risque ⚠️
5170,17573.0,29,3,380.6,4,À Risque ⚠️
5171,17574.0,243,1,185.65,4,À Risque ⚠️
5172,17575.0,667,1,171.7,0,Perdus 💤
5173,17576.0,8,41,8711.95,1,Prometteurs 🌱
5174,17577.0,645,2,348.75,0,Perdus 💤
5175,17578.0,218,7,1047.33,4,À Risque ⚠️
5176,17579.0,5,4,753.28,4,À Risque ⚠️
5177,17580.0,253,5,541.02,4,À Risque ⚠️
5178,17581.0,1,43,17951.17,1,Prometteurs 🌱
5179,17582.0,236,5,1446.95,4,À Risque ⚠️
5180,17583.0,560,1,135.95,0,Perdus 💤
5181,17584.0,7,6,5309.42,4,À Risque ⚠️
5182,17585.0,109,7,2064.71,4,À Risque ⚠️
5183,17586.0,619,1,167.4,0,Perdus 💤
5184,17587.0,628,1,176.71,0,Perdus 💤
5185,17588.0,100,7,2939.55,4,À Risque ⚠️
5186,17589.0,60,18,13837.94,1,Prometteurs 🌱
5187,17590.0,2,3,1468.02,4,À Risque ⚠️
5188,17591.0,73,8,2339.32,4,À Risque ⚠️
5189,17592.0,739,1,148.3,0,Perdus 💤
5190,17593.0,4,11,8092.32,4,À Risque ⚠️
5191,17594.0,85,4,2497.88,4,À Risque ⚠️
5192,17595.0,12,2,386.69,4,À Risque ⚠️
5193,17596.0,23,13,4491.46,4,À Risque ⚠️
5194,17597.0,214,5,3484.09,4,À Risque ⚠️
5195,17598.0,381,1,409.98,0,Perdus 💤
5196,17599.0,478,1,52.05,0,Perdus 💤
5197,17600.0,18,1,161.67000000000002,4,À Risque ⚠️
5198,17601.0,239,2,413.08,4,À Risque ⚠️
5199,17602.0,2,14,7354.43,4,À Risque ⚠️
5200,17603.0,78,4,1788.38,4,À Risque ⚠️
5201,17604.0,217,6,942.38,4,À Risque ⚠️
5202,17605.0,590,1,160.75,0,Perdus 💤
5203,17606.0,737,1,87.30000000000001,0,Perdus 💤
5204,17607.0,376,1,333.81,0,Perdus 💤
5205,17608.0,33,4,488.06,4,À Risque ⚠️
5206,17609.0,41,11,1887.8999999999999,4,À Risque ⚠️
5207,17610.0,540,5,1511.94,0,Perdus 💤
5208,17611.0,7,28,8337.53,1,Prometteurs 🌱
5209,17612.0,53,18,5394.86,1,Prometteurs 🌱
5210,17613.0,23,14,4544.55,4,À Risque ⚠️
5211,17614.0,57,1,386.32,4,À Risque ⚠️
5212,17615.0,130,6,721.8,4,À Risque ⚠️
5213,17616.0,174,4,734.4,4,À Risque ⚠️
5214,17617.0,559,1,385.19,0,Perdus 💤
5215,17618.0,6,11,4001.64,4,À Risque ⚠️
5216,17619.0,312,1,214.37,0,Perdus 💤
5217,17620.0,60,1,81.44,4,À Risque ⚠️
5218,17621.0,21,6,3175.12,4,À Risque ⚠️
5219,17622.0,598,2,1130.21,0,Perdus 💤
5220,17623.0,33,7,2365.77,4,À Risque ⚠️
5221,17624.0,15,4,1568.63,4,À Risque ⚠️
5222,17625.0,18,8,5978.9,4,À Risque ⚠️
5223,17626.0,603,1,254.0,0,Perdus 💤
5224,17627.0,479,1,296.36,0,Perdus 💤
5225,17628.0,81,1,75.75,4,À Risque ⚠️
5226,17629.0,6,10,2455.52,4,À Risque ⚠️
5227,17630.0,170,2,503.59999999999997,4,À Risque ⚠️
5228,17631.0,2,7,998.49,4,À Risque ⚠️
5229,17633.0,31,7,2057.39,4,À Risque ⚠️
5230,17634.0,36,9,2358.59,4,À Risque ⚠️
5231,17635.0,424,3,1265.58,0,Perdus 💤
5232,17636.0,19,1,285.56,4,À Risque ⚠️
5233,17637.0,31,2,547.0600000000001,4,À Risque ⚠️
5234,17638.0,647,2,842.4,0,Perdus 💤
5235,17639.0,276,6,615.17,4,À Risque ⚠️
5236,17640.0,87,6,3168.94,4,À Risque ⚠️
5237,17642.0,120,5,1824.49,4,À Risque ⚠️
5238,17643.0,373,2,439.7,0,Perdus 💤
5239,17644.0,1,20,6028.6,1,Prometteurs 🌱
5240,17646.0,219,12,3898.79,4,À Risque ⚠️
5241,17647.0,65,3,331.65999999999997,4,À Risque ⚠️
5242,17648.0,61,5,2216.37,4,À Risque ⚠️
5243,17649.0,138,3,1578.89,4,À Risque ⚠️
5244,17650.0,21,1,166.08,4,À Risque ⚠️
5245,17651.0,12,16,5703.52,4,À Risque ⚠️
5246,17652.0,25,12,4867.72,4,À Risque ⚠️
5247,17653.0,37,4,1207.56,4,À Risque ⚠️
5248,17654.0,277,1,117.55,0,Perdus 💤
5249,17655.0,11,9,2976.38,4,À Risque ⚠️
5250,17656.0,73,5,1674.69,4,À Risque ⚠️
5251,17657.0,430,1,126.0,0,Perdus 💤
5252,17658.0,26,2,595.42,4,À Risque ⚠️
5253,17659.0,17,14,3586.9900000000002,4,À Risque ⚠️
5254,17660.0,141,2,342.22,4,À Risque ⚠️
5255,17662.0,662,2,412.92,0,Perdus 💤
5256,17663.0,26,17,5175.83,4,À Risque ⚠️
5257,17664.0,19,4,1166.23,4,À Risque ⚠️
5258,17665.0,493,1,563.1,0,Perdus 💤
5259,17666.0,4,5,2047.8,4,À Risque ⚠️
5260,17667.0,66,9,3950.7,4,À Risque ⚠️
5261,17668.0,1,2,347.75,4,À Risque ⚠️
5262,17669.0,43,10,6142.35,4,À Risque ⚠️
5263,17670.0,228,1,205.7,4,À Risque ⚠️
5264,17671.0,16,5,2009.16,4,À Risque ⚠️
5265,17672.0,50,7,5778.63,4,À Risque ⚠️
5266,17673.0,2,13,4173.88,4,À Risque ⚠️
5267,17674.0,74,2,551.04,4,À Risque ⚠️
5268,17675.0,1,70,37642.48,1,Prometteurs 🌱
5269,17676.0,4,10,2448.64,4,À Risque ⚠️
5270,17677.0,2,54,35058.46,1,Prometteurs 🌱
5271,17678.0,264,2,599.76,4,À Risque ⚠️
5272,17679.0,53,7,3577.61,4,À Risque ⚠️
5273,17680.0,24,3,497.45,4,À Risque ⚠️
5274,17681.0,597,5,731.2,0,Perdus 💤
5275,17682.0,10,11,4065.28,4,À Risque ⚠️
5276,17683.0,386,3,819.01,0,Perdus 💤
5277,17684.0,44,1,239.41,4,À Risque ⚠️
5278,17685.0,17,12,5454.95,4,À Risque ⚠️
5279,17686.0,7,9,8296.81,4,À Risque ⚠️
5280,17687.0,421,1,432.68,0,Perdus 💤
5281,17688.0,394,1,304.2,0,Perdus 💤
5282,17689.0,388,2,317.08,0,Perdus 💤
5283,17690.0,30,20,6963.8,1,Prometteurs 🌱
5284,17691.0,358,4,637.5500000000001,0,Perdus 💤
5285,17692.0,127,12,2975.8,4,À Risque ⚠️
5286,17693.0,137,1,200.47,4,À Risque ⚠️
5287,17694.0,142,3,1695.97,4,À Risque ⚠️
5288,17695.0,132,5,1746.04,4,À Risque ⚠️
5289,17696.0,38,27,7679.59,1,Prometteurs 🌱
5290,17697.0,236,1,338.95,4,À Risque ⚠️
5291,17698.0,261,1,154.95,4,À Risque ⚠️
5292,17699.0,477,2,442.0,0,Perdus 💤
5293,17700.0,17,14,6679.97,4,À Risque ⚠️
5294,17701.0,253,1,417.95,4,À Risque ⚠️
5295,17702.0,30,6,3144.04,4,À Risque ⚠️
5296,17703.0,35,4,1094.84,4,À Risque ⚠️
5297,17704.0,169,2,885.19,4,À Risque ⚠️
5298,17705.0,3,11,2083.9,4,À Risque ⚠️
5299,17706.0,4,31,20272.15,1,Prometteurs 🌱
5300,17707.0,185,8,609.3000000000001,4,À Risque ⚠️
5301,17708.0,188,4,884.1800000000001,4,À Risque ⚠️
5302,17709.0,170,5,671.01,4,À Risque ⚠️
5303,17710.0,424,1,293.5,0,Perdus 💤
5304,17711.0,11,2,385.1,4,À Risque ⚠️
5305,17712.0,45,1,522.91,4,À Risque ⚠️
5306,17713.0,382,4,1198.09,0,Perdus 💤
5307,17714.0,321,5,1410.18,0,Perdus 💤
5308,17715.0,201,2,489.59999999999997,4,À Risque ⚠️
5309,17716.0,23,24,15956.97,1,Prometteurs 🌱
5310,17717.0,421,1,376.92,0,Perdus 💤
5311,17718.0,232,2,439.18,4,À Risque ⚠️
5312,17719.0,38,15,5396.04,4,À Risque ⚠️
5313,17720.0,26,10,2666.91,4,À Risque ⚠️
5314,17721.0,659,1,307.21000000000004,0,Perdus 💤
5315,17722.0,96,5,3520.2200000000003,4,À Risque ⚠️
5316,17723.0,127,7,3378.4000000000005,4,À Risque ⚠️
5317,17724.0,71,3,1033.0,4,À Risque ⚠️
5318,17725.0,16,11,3439.08,4,À Risque ⚠️
5319,17726.0,395,7,1092.06,0,Perdus 💤
5320,17727.0,15,1,1060.25,4,À Risque ⚠️
5321,17728.0,4,5,4238.76,4,À Risque ⚠️
5322,17729.0,596,1,438.65000000000003,0,Perdus 💤
5323,17730.0,3,20,7773.8,1,Prometteurs 🌱
5324,17731.0,79,6,1708.99,4,À Risque ⚠️
5325,17732.0,373,8,2166.42,0,Perdus 💤
5326,17733.0,39,2,692.19,4,À Risque ⚠️
5327,17734.0,54,6,1442.32,4,À Risque ⚠️
5328,17735.0,2,26,16790.33,1,Prometteurs 🌱
5329,17736.0,9,3,377.44,4,À Risque ⚠️
5330,17737.0,9,2,168.24,4,À Risque ⚠️
5331,17738.0,19,13,4183.56,4,À Risque ⚠️
5332,17739.0,12,18,7730.59,1,Prometteurs 🌱
5333,17740.0,389,6,426.9,0,Perdus 💤
5334,17741.0,407,2,101.1,0,Perdus 💤
5335,17742.0,113,11,2098.48,4,À Risque ⚠️
5336,17743.0,448,1,229.2,0,Perdus 💤
5337,17744.0,4,7,2649.14,4,À Risque ⚠️
5338,17745.0,478,2,600.34,0,Perdus 💤
5339,17746.0,240,4,904.1800000000001,4,À Risque ⚠️
5340,17747.0,113,1,71.4,4,À Risque ⚠️
5341,17748.0,527,1,358.15,0,Perdus 💤
5342,17749.0,178,3,1026.18,4,À Risque ⚠️
5343,17750.0,5,9,1710.45,4,À Risque ⚠️
5344,17751.0,421,1,157.85999999999999,0,Perdus 💤
5345,17752.0,359,1,80.64,0,Perdus 💤
5346,17753.0,464,4,382.06,0,Perdus 💤
5347,17754.0,1,13,4451.22,4,À Risque ⚠️
5348,17756.0,376,3,728.75,0,Perdus 💤
5349,17757.0,1,56,9074.05,1,Prometteurs 🌱
5350,17758.0,19,12,4964.03,4,À Risque ⚠️
5351,17759.0,17,5,1261.88,4,À Risque ⚠️
5352,17760.0,22,6,746.39,4,À Risque ⚠️
5353,17761.0,33,1,712.78,4,À Risque ⚠️
5354,17762.0,456,1,129.75,0,Perdus 💤
5355,17763.0,263,4,86.15,4,À Risque ⚠️
5356,17764.0,51,5,1513.57,4,À Risque ⚠️
5357,17765.0,159,4,524.0,4,À Risque ⚠️
5358,17766.0,381,2,299.61,0,Perdus 💤
5359,17767.0,15,2,413.05,4,À Risque ⚠️
5360,17768.0,8,7,3292.73,4,À Risque ⚠️
5361,17769.0,13,17,7053.38,1,Prometteurs 🌱
5362,17770.0,199,5,1143.27,4,À Risque ⚠️
5363,17771.0,57,4,387.41,4,À Risque ⚠️
5364,17772.0,11,3,360.75,4,À Risque ⚠️
5365,17773.0,514,2,575.37,0,Perdus 💤
5366,17774.0,97,9,3273.83,4,À Risque ⚠️
5367,17775.0,255,1,56.4,4,À Risque ⚠️
5368,17776.0,387,2,330.56,0,Perdus 💤
5369,17777.0,25,3,647.56,4,À Risque ⚠️
5370,17778.0,662,1,197.70000000000002,0,Perdus 💤
5371,17779.0,21,3,650.32,4,À Risque ⚠️
5372,17780.0,667,3,346.56,0,Perdus 💤
5373,17781.0,159,2,188.02,4,À Risque ⚠️
5374,17782.0,383,2,679.02,0,Perdus 💤
5375,17783.0,72,3,376.96,4,À Risque ⚠️
5376,17784.0,550,1,112.86,0,Perdus 💤
5377,17785.0,53,3,403.38,4,À Risque ⚠️
5378,17786.0,85,2,266.85,4,À Risque ⚠️
5379,17787.0,153,4,1817.54,4,À Risque ⚠️
5380,17788.0,74,2,1117.9,4,À Risque ⚠️
5381,17789.0,281,2,397.15,0,Perdus 💤
5382,17790.0,27,20,2779.41,1,Prometteurs 🌱
5383,17791.0,30,1,106.1,4,À Risque ⚠️
5384,17792.0,467,2,368.35,0,Perdus 💤
5385,17793.0,25,1,300.34,4,À Risque ⚠️
5386,17794.0,687,2,147.3,0,Perdus 💤
5387,17795.0,180,2,342.83,4,À Risque ⚠️
5388,17796.0,40,7,1236.39,4,À Risque ⚠️
5389,17797.0,22,8,1971.87,4,À Risque ⚠️
5390,17798.0,582,1,178.07,0,Perdus 💤
5391,17799.0,22,20,6246.93,1,Prometteurs 🌱
5392,17800.0,37,9,1187.21,4,À Risque ⚠️
5393,17801.0,451,3,770.03,0,Perdus 💤
5394,17802.0,82,10,4946.22,4,À Risque ⚠️
5395,17803.0,392,1,184.66,0,Perdus 💤
5396,17804.0,376,3,383.78000000000003,0,Perdus 💤
5397,17805.0,74,2,927.03,4,À Risque ⚠️
5398,17806.0,11,1,546.04,4,À Risque ⚠️
5399,17807.0,395,3,437.87,0,Perdus 💤
5400,17808.0,549,4,262.64,0,Perdus 💤
5401,17809.0,16,20,10085.89,1,Prometteurs 🌱
5402,17810.0,669,2,373.16,0,Perdus 💤
5403,17811.0,4,47,9519.8,1,Prometteurs 🌱
5404,17812.0,13,7,911.99,4,À Risque ⚠️
5405,17813.0,14,5,1698.07,4,À Risque ⚠️
5406,17814.0,375,2,1609.37,0,Perdus 💤
5407,17815.0,393,1,591.96,0,Perdus 💤
5408,17816.0,37,6,96.11,4,À Risque ⚠️
5409,17817.0,4,6,788.15,4,À Risque ⚠️
5410,17818.0,738,1,124.78,0,Perdus 💤
5411,17819.0,72,12,6021.05,4,À Risque ⚠️
5412,17820.0,374,1,180.60999999999999,0,Perdus 💤
5413,17821.0,406,1,334.62,0,Perdus 💤
5414,17822.0,420,5,2162.93,0,Perdus 💤
5415,17823.0,421,2,449.25,0,Perdus 💤
5416,17824.0,51,1,298.4,4,À Risque ⚠️
5417,17825.0,599,4,701.96,0,Perdus 💤
5418,17826.0,374,1,133.34,0,Perdus 💤
5419,17827.0,5,6,2376.17,4,À Risque ⚠️
5420,17828.0,23,4,1820.09,4,À Risque ⚠️
5421,17829.0,299,5,4756.74,0,Perdus 💤
5422,17830.0,2,3,398.7,4,À Risque ⚠️
5423,17831.0,33,1,35.400000000000006,4,À Risque ⚠️
5424,17832.0,50,1,155.37,4,À Risque ⚠️
5425,17833.0,723,1,338.46000000000004,0,Perdus 💤
5426,17834.0,415,2,689.6700000000001,0,Perdus 💤
5427,17835.0,3,3,342.24,4,À Risque ⚠️
5428,17836.0,47,1,110.21000000000001,4,À Risque ⚠️
5429,17837.0,42,8,1541.23,4,À Risque ⚠️
5430,17838.0,27,13,5604.64,4,À Risque ⚠️
5431,17839.0,42,1,318.15,4,À Risque ⚠️
5432,17840.0,444,1,175.9,0,Perdus 💤
5433,17841.0,2,211,68545.25,2,Loyal Customers 🥈
5434,17842.0,602,1,430.69,0,Perdus 💤
5435,17843.0,303,2,320.4,0,Perdus 💤
5436,17844.0,107,1,51.559999999999995,4,À Risque ⚠️
5437,17845.0,555,4,596.09,0,Perdus 💤
5438,17846.0,85,1,2033.1,4,À Risque ⚠️
5439,17847.0,516,2,129.69,0,Perdus 💤
5440,17848.0,81,30,3559.11,1,Prometteurs 🌱
5441,17849.0,218,8,1063.76,4,À Risque ⚠️
5442,17850.0,372,155,51208.87,2,Loyal Customers 🥈
5443,17851.0,422,6,1552.35,0,Perdus 💤
5444,17852.0,12,5,657.8100000000001,4,À Risque ⚠️
5445,17853.0,407,3,1596.29,0,Perdus 💤
5446,17854.0,185,6,1068.5,4,À Risque ⚠️
5447,17855.0,373,1,208.97,0,Perdus 💤
5448,17856.0,2,4,1418.03,4,À Risque ⚠️
5449,17857.0,4,24,27347.04,1,Prometteurs 🌱
5450,17858.0,6,30,12518.65,1,Prometteurs 🌱
5451,17859.0,305,1,141.92000000000002,0,Perdus 💤
5452,17860.0,369,4,717.39,0,Perdus 💤
5453,17861.0,3,18,5088.29,1,Prometteurs 🌱
5454,17862.0,324,4,1254.89,0,Perdus 💤
5455,17863.0,59,12,5360.48,4,À Risque ⚠️
5456,17864.0,13,5,876.57,4,À Risque ⚠️
5457,17865.0,31,46,26312.190000000002,1,Prometteurs 🌱
5458,17866.0,143,3,1134.95,4,À Risque ⚠️
5459,17867.0,30,15,1582.0500000000002,4,À Risque ⚠️
5460,17868.0,386,1,227.15,0,Perdus 💤
5461,17869.0,107,7,813.64,4,À Risque ⚠️
5462,17870.0,2,13,2753.29,4,À Risque ⚠️
5463,17871.0,205,5,1068.95,4,À Risque ⚠️
5464,17872.0,382,1,235.87,0,Perdus 💤
5465,17873.0,80,18,6265.33,1,Prometteurs 🌱
5466,17874.0,185,6,683.46,4,À Risque ⚠️
5467,17875.0,688,1,167.1,0,Perdus 💤
5468,17876.0,400,3,3424.02,0,Perdus 💤
5469,17877.0,170,1,237.61,4,À Risque ⚠️
5470,17878.0,44,3,1378.93,4,À Risque ⚠️
5471,17879.0,174,1,178.51999999999998,4,À Risque ⚠️
5472,17880.0,365,3,824.9200000000001,0,Perdus 💤
5473,17881.0,304,1,133.35000000000002,0,Perdus 💤
5474,17882.0,379,2,291.56,0,Perdus 💤
5475,17883.0,3,7,988.42,4,À Risque ⚠️
5476,17884.0,4,20,2698.47,1,Prometteurs 🌱
5477,17885.0,12,1,156.34,4,À Risque ⚠️
5478,17886.0,32,6,1572.55,4,À Risque ⚠️
5479,17887.0,129,1,111.35,4,À Risque ⚠️
5480,17888.0,21,25,1807.44,1,Prometteurs 🌱
5481,17889.0,212,7,746.42,4,À Risque ⚠️
5482,17890.0,323,2,586.89,0,Perdus 💤
5483,17891.0,162,1,203.85999999999999,4,À Risque ⚠️
5484,17892.0,56,3,244.1,4,À Risque ⚠️
5485,17893.0,225,1,107.21,4,À Risque ⚠️
5486,17894.0,72,18,2304.58,4,À Risque ⚠️
5487,17895.0,44,1,95.45,4,À Risque ⚠️
5488,17896.0,23,1,256.32,4,À Risque ⚠️
5489,17897.0,173,9,2099.89,4,À Risque ⚠️
5490,17898.0,85,4,299.18,4,À Risque ⚠️
5491,17899.0,159,1,154.55,4,À Risque ⚠️
5492,17900.0,190,2,112.19999999999999,4,À Risque ⚠️
5493,17901.0,29,3,260.08,4,À Risque ⚠️
5494,17902.0,547,1,216.39999999999998,0,Perdus 💤
5495,17903.0,394,1,381.09000000000003,0,Perdus 💤
5496,17904.0,21,1,181.07,4,À Risque ⚠️
5497,17905.0,71,13,2178.87,4,À Risque ⚠️
5498,17906.0,247,1,72.9,4,À Risque ⚠️
5499,17907.0,641,1,291.76,0,Perdus 💤
5500,17908.0,374,5,1142.47,0,Perdus 💤
5501,17909.0,737,1,110.05,0,Perdus 💤
5502,17910.0,726,1,261.7,0,Perdus 💤
5503,17911.0,9,1,366.23,4,À Risque ⚠️
5504,17912.0,310,6,374.55,0,Perdus 💤
5505,17913.0,59,14,3429.29,4,À Risque ⚠️
5506,17914.0,4,1,329.36,4,À Risque ⚠️
5507,17915.0,551,1,225.78,0,Perdus 💤
5508,17916.0,629,2,43.87,0,Perdus 💤
5509,17917.0,45,3,335.03,4,À Risque ⚠️
5510,17918.0,501,3,396.39,0,Perdus 💤
5511,17919.0,88,2,1840.32,4,À Risque ⚠️
5512,17920.0,4,54,23581.78,1,Prometteurs 🌱
5513,17921.0,64,10,2394.36,4,À Risque ⚠️
5514,17922.0,543,1,170.4,0,Perdus 💤
5515,17923.0,282,3,497.0,0,Perdus 💤
5516,17924.0,12,8,3257.7000000000003,4,À Risque ⚠️
5517,17925.0,373,1,244.08,0,Perdus 💤
5518,17926.0,133,5,1035.49,4,À Risque ⚠️
5519,17927.0,722,1,294.0,0,Perdus 💤
5520,17928.0,45,3,341.24,4,À Risque ⚠️
5521,17929.0,11,12,3082.1,4,À Risque ⚠️
5522,17930.0,36,13,4275.22,4,À Risque ⚠️
5523,17931.0,134,14,3402.24,4,À Risque ⚠️
5524,17932.0,29,3,1331.57,4,À Risque ⚠️
5525,17933.0,632,1,114.69,0,Perdus 💤
5526,17934.0,52,3,1049.15,4,À Risque ⚠️
5527,17935.0,138,7,686.14,4,À Risque ⚠️
5528,17936.0,5,1,380.13,4,À Risque ⚠️
5529,17937.0,9,7,4301.22,4,À Risque ⚠️
5530,17938.0,420,1,144.29,0,Perdus 💤
5531,17939.0,160,1,99.14,4,À Risque ⚠️
5532,17940.0,49,16,30306.79,1,Prometteurs 🌱
5533,17941.0,131,4,1433.28,4,À Risque ⚠️
5534,17942.0,8,1,77.50000000000001,4,À Risque ⚠️
5535,17944.0,423,1,74.99,0,Perdus 💤
5536,17945.0,697,3,360.35,0,Perdus 💤
5537,17946.0,233,2,149.57999999999998,4,À Risque ⚠️
5538,17947.0,37,1,176.68,4,À Risque ⚠️
5539,17948.0,147,1,358.56000000000006,4,À Risque ⚠️
5540,17949.0,1,118,117314.08,2,Loyal Customers 🥈
5541,17950.0,72,7,1166.29,4,À Risque ⚠️
5542,17951.0,40,4,1340.5800000000002,4,À Risque ⚠️
5543,17952.0,378,4,788.46,0,Perdus 💤
5544,17953.0,540,1,159.17000000000002,0,Perdus 💤
5545,17954.0,5,19,3804.38,1,Prometteurs 🌱
5546,17955.0,199,6,949.9,4,À Risque ⚠️
5547,17956.0,249,1,12.75,4,À Risque ⚠️
5548,17957.0,66,1,111.68,4,À Risque ⚠️
5549,17958.0,117,2,973.88,4,À Risque ⚠️
5550,17959.0,592,1,140.75,0,Perdus 💤
5551,17960.0,171,3,135.08,4,À Risque ⚠️
5552,17961.0,21,100,2866.74,1,Prometteurs 🌱
5553,17962.0,142,4,666.96,4,À Risque ⚠️
5554,17963.0,471,4,643.16,0,Perdus 💤
5555,17964.0,32,2,463.21,4,À Risque ⚠️
5556,17965.0,38,29,7006.65,1,Prometteurs 🌱
5557,17966.0,38,10,1963.92,4,À Risque ⚠️
5558,17967.0,372,2,223.42,0,Perdus 💤
5559,17968.0,374,4,590.4399999999999,0,Perdus 💤
5560,17969.0,166,20,2354.29,1,Prometteurs 🌱
5561,17970.0,211,1,562.79,4,À Risque ⚠️
5562,17971.0,548,1,161.94,0,Perdus 💤
5563,17972.0,242,1,135.19,4,À Risque ⚠️
5564,17973.0,52,1,337.04,4,À Risque ⚠️
5565,17974.0,25,6,1739.09,4,À Risque ⚠️
5566,17975.0,15,24,6696.33,1,Prometteurs 🌱
5567,17976.0,372,1,321.79,0,Perdus 💤
5568,17977.0,29,2,1511.45,4,À Risque ⚠️
5569,17978.0,365,4,1159.99,0,Perdus 💤
5570,17979.0,36,4,732.41,4,À Risque ⚠️
5571,17980.0,166,4,1012.72,4,À Risque ⚠️
5572,17981.0,411,1,239.12,0,Perdus 💤
5573,17982.0,681,1,138.18,0,Perdus 💤
5574,17983.0,395,1,171.71,0,Perdus 💤
5575,17984.0,145,5,1152.19,4,À Risque ⚠️
5576,17985.0,22,1,631.35,4,À Risque ⚠️
5577,17986.0,56,1,20.8,4,À Risque ⚠️
5578,17987.0,185,5,965.4399999999999,4,À Risque ⚠️
5579,17988.0,12,14,489.54,4,À Risque ⚠️
5580,17989.0,379,1,207.32999999999998,0,Perdus 💤
5581,17990.0,237,6,1527.6100000000001,4,À Risque ⚠️
5582,17991.0,225,3,300.3,4,À Risque ⚠️
5583,17992.0,389,1,252.88,0,Perdus 💤
5584,17993.0,617,1,225.99,0,Perdus 💤
5585,17994.0,122,11,2270.0299999999997,4,À Risque ⚠️
5586,17995.0,282,3,495.48,0,Perdus 💤
5587,17996.0,380,3,482.33,0,Perdus 💤
5588,17997.0,74,8,1962.46,4,À Risque ⚠️
5589,17998.0,380,3,639.24,0,Perdus 💤
5590,17999.0,37,3,528.46,4,À Risque ⚠️
5591,18000.0,564,1,124.25,0,Perdus 💤
5592,18001.0,12,6,924.14,4,À Risque ⚠️
5593,18002.0,376,4,244.37,0,Perdus 💤
5594,18003.0,376,1,353.51,0,Perdus 💤
5595,18004.0,362,1,157.92,0,Perdus 💤
5596,18005.0,4,2,226.47,4,À Risque ⚠️
5597,18006.0,23,4,969.51,4,À Risque ⚠️
5598,18007.0,393,1,215.22,0,Perdus 💤
5599,18008.0,70,23,19759.079999999998,1,Prometteurs 🌱
5600,18009.0,235,8,2144.23,4,À Risque ⚠️
5601,18010.0,257,1,174.8,4,À Risque ⚠️
5602,18011.0,373,2,410.79,0,Perdus 💤
5603,18012.0,723,1,115.3,0,Perdus 💤
5604,18013.0,155,2,187.29,4,À Risque ⚠️
5605,18014.0,28,1,162.22,4,À Risque ⚠️
5606,18015.0,4,1,120.03,4,À Risque ⚠️
5607,18016.0,32,7,1954.56,4,À Risque ⚠️
5608,18017.0,81,4,688.0,4,À Risque ⚠️
5609,18018.0,108,4,297.99,4,À Risque ⚠️
5610,18019.0,52,1,38.45,4,À Risque ⚠️
5611,18020.0,544,1,190.48000000000002,0,Perdus 💤
5612,18021.0,510,2,216.41,0,Perdus 💤
5613,18022.0,36,5,1507.25,4,À Risque ⚠️
5614,18024.0,153,2,389.78,4,À Risque ⚠️
5615,18025.0,380,6,1177.72,0,Perdus 💤
5616,18026.0,501,2,2074.07,0,Perdus 💤
5617,18027.0,99,1,115.31,4,À Risque ⚠️
5618,18028.0,583,1,192.05,0,Perdus 💤
5619,18029.0,642,1,433.77,0,Perdus 💤
5620,18030.0,4,2,230.64999999999998,4,À Risque ⚠️
5621,18031.0,379,1,451.3,0,Perdus 💤
5622,18032.0,334,1,73.5,0,Perdus 💤
5623,18033.0,65,1,93.82000000000001,4,À Risque ⚠️
5624,18034.0,22,3,754.2,4,À Risque ⚠️
5625,18035.0,36,5,1260.23,4,À Risque ⚠️
5626,18036.0,32,11,1545.49,4,À Risque ⚠️
5627,18037.0,154,15,167.42,4,À Risque ⚠️
5628,18038.0,556,1,141.48,0,Perdus 💤
5629,18039.0,374,4,548.22,0,Perdus 💤
5630,18040.0,19,2,357.20000000000005,4,À Risque ⚠️
5631,18041.0,12,38,8018.7699999999995,1,Prometteurs 🌱
5632,18042.0,54,2,281.15,4,À Risque ⚠️
5633,18043.0,25,3,529.29,4,À Risque ⚠️
5634,18044.0,4,18,3505.61,4,À Risque ⚠️
5635,18045.0,45,1,178.34,4,À Risque ⚠️
5636,18046.0,650,1,189.63,0,Perdus 💤
5637,18047.0,381,2,326.09,0,Perdus 💤
5638,18048.0,203,3,394.93,4,À Risque ⚠️
5639,18049.0,437,2,500.92,0,Perdus 💤
5640,18050.0,359,2,412.06,0,Perdus 💤
5641,18051.0,634,7,2282.28,0,Perdus 💤
5642,18052.0,565,1,10877.18,0,Perdus 💤
5643,18053.0,71,3,571.07,4,À Risque ⚠️
5644,18054.0,393,1,176.5,0,Perdus 💤
5645,18055.0,7,14,10142.64,4,À Risque ⚠️
5646,18056.0,288,2,554.6,0,Perdus 💤
5647,18057.0,393,3,1188.46,0,Perdus 💤
5648,18058.0,10,3,774.06,4,À Risque ⚠️
5649,18059.0,23,3,306.46,4,À Risque ⚠️
5650,18060.0,408,2,1185.46,0,Perdus 💤
5651,18061.0,22,28,6083.81,1,Prometteurs 🌱
5652,18062.0,173,6,1632.67,4,À Risque ⚠️
5653,18063.0,391,2,186.60000000000002,0,Perdus 💤
5654,18064.0,133,11,4481.83,4,À Risque ⚠️
5655,18065.0,6,29,5866.63,1,Prometteurs 🌱
5656,18066.0,75,3,1440.4,4,À Risque ⚠️
5657,18067.0,40,1,396.33,4,À Risque ⚠️
5658,18068.0,289,1,101.69999999999999,0,Perdus 💤
5659,18069.0,26,11,4464.92,4,À Risque ⚠️
5660,18070.0,669,1,314.1,0,Perdus 💤
5661,18071.0,258,6,1169.68,4,À Risque ⚠️
5662,18072.0,186,1,247.44,4,À Risque ⚠️
5663,18073.0,114,12,3859.82,4,À Risque ⚠️
5664,18074.0,374,2,1019.44,0,Perdus 💤
5665,18075.0,23,20,5783.29,1,Prometteurs 🌱
5666,18076.0,380,1,151.49,0,Perdus 💤
5667,18077.0,8,18,4078.79,1,Prometteurs 🌱
5668,18078.0,217,4,725.53,4,À Risque ⚠️
5669,18079.0,45,5,4203.93,4,À Risque ⚠️
5670,18080.0,19,2,1231.5,4,À Risque ⚠️
5671,18081.0,36,3,343.45,4,À Risque ⚠️
5672,18082.0,26,1,680.84,4,À Risque ⚠️
5673,18083.0,398,1,463.53,0,Perdus 💤
5674,18084.0,16,3,795.2299999999999,4,À Risque ⚠️
5675,18085.0,330,4,1341.8500000000001,0,Perdus 💤
5676,18086.0,274,1,101.34,0,Perdus 💤
5677,18087.0,98,17,14761.519999999999,1,Prometteurs 🌱
5678,18088.0,61,1,166.03,4,À Risque ⚠️
5679,18089.0,447,1,428.45,0,Perdus 💤
5680,18090.0,422,1,321.9,0,Perdus 💤
5681,18091.0,593,1,360.85,0,Perdus 💤
5682,18092.0,2,18,14693.72,1,Prometteurs 🌱
5683,18093.0,93,8,4452.71,4,À Risque ⚠️
5684,18094.0,82,13,6391.52,4,À Risque ⚠️
5685,18095.0,313,5,2303.09,0,Perdus 💤
5686,18096.0,12,6,1657.87,4,À Risque ⚠️
5687,18097.0,8,11,4627.92,4,À Risque ⚠️
5688,18098.0,396,1,527.94,0,Perdus 💤
5689,18099.0,127,1,168.31,4,À Risque ⚠️
5690,18100.0,550,1,451.56,0,Perdus 💤
5691,18101.0,11,5,622.01,4,À Risque ⚠️
5692,18102.0,1,145,580987.04,3,Champions 🏆
5693,18103.0,549,1,105.8,0,Perdus 💤
5694,18104.0,37,1,754.64,4,À Risque ⚠️
5695,18105.0,38,1,113.48000000000002,4,À Risque ⚠️
5696,18106.0,330,6,1441.06,0,Perdus 💤
5697,18107.0,442,1,165.88,0,Perdus 💤
5698,18108.0,254,3,848.8100000000001,4,À Risque ⚠️
5699,18109.0,2,38,9555.71,1,Prometteurs 🌱
5700,18110.0,20,2,392.28000000000003,4,À Risque ⚠️
5701,18111.0,589,1,405.85,0,Perdus 💤
5702,18112.0,12,4,773.36,4,À Risque ⚠️
5703,18113.0,369,1,76.32000000000001,0,Perdus 💤
5704,18114.0,290,1,220.1,0,Perdus 💤
5705,18115.0,698,1,9.700000000000001,0,Perdus 💤
5706,18116.0,68,13,2134.4900000000002,4,À Risque ⚠️
5707,18117.0,26,1,315.65,4,À Risque ⚠️
5708,18118.0,11,29,6221.02,1,Prometteurs 🌱
5709,18119.0,368,1,180.7,0,Perdus 💤
5710,18120.0,214,1,111.15,4,À Risque ⚠️
5711,18121.0,149,2,653.3,4,À Risque ⚠️
5712,18122.0,8,6,1793.06,4,À Risque ⚠️
5713,18123.0,24,3,666.64,4,À Risque ⚠️
5714,18124.0,472,1,102.65,0,Perdus 💤
5715,18125.0,30,4,1131.75,4,À Risque ⚠️
5716,18126.0,61,1,200.92000000000002,4,À Risque ⚠️
5717,18127.0,19,4,556.13,4,À Risque ⚠️
5718,18128.0,537,1,399.29,0,Perdus 💤
5719,18129.0,243,1,112.55000000000001,4,À Risque ⚠️
5720,18130.0,15,3,1059.39,4,À Risque ⚠️
5721,18131.0,632,1,222.95999999999998,0,Perdus 💤
5722,18132.0,504,1,220.13,0,Perdus 💤
5723,18133.0,212,1,931.4999999999999,4,À Risque ⚠️
5724,18134.0,598,2,445.0,0,Perdus 💤
5725,18135.0,29,10,1249.6200000000001,4,À Risque ⚠️
5726,18136.0,63,5,1631.3600000000001,4,À Risque ⚠️
5727,18137.0,551,2,145.99,0,Perdus 💤
5728,18138.0,295,1,152.65,0,Perdus 💤
5729,18139.0,18,6,8438.34,4,À Risque ⚠️
5730,18140.0,474,1,536.41,0,Perdus 💤
5731,18141.0,402,2,882.47,0,Perdus 💤
5732,18142.0,157,2,1019.52,4,À Risque ⚠️
5733,18143.0,117,2,1000.16,4,À Risque ⚠️
5734,18144.0,8,19,4892.95,1,Prometteurs 🌱
5735,18145.0,13,11,5609.74,4,À Risque ⚠️
5736,18146.0,141,2,160.35000000000002,4,À Risque ⚠️
5737,18147.0,46,2,179.33999999999997,4,À Risque ⚠️
5738,18148.0,647,1,112.85000000000001,0,Perdus 💤
5739,18149.0,51,7,1553.96,4,À Risque ⚠️
5740,18150.0,32,3,566.58,4,À Risque ⚠️
5741,18151.0,135,6,1879.44,4,À Risque ⚠️
5742,18152.0,646,1,426.69,0,Perdus 💤
5743,18153.0,659,1,246.22,0,Perdus 💤
5744,18154.0,3,5,932.6,4,À Risque ⚠️
5745,18155.0,75,3,371.62,4,À Risque ⚠️
5746,18156.0,13,2,675.64,4,À Risque ⚠️
5747,18157.0,571,1,213.9,0,Perdus 💤
5748,18158.0,9,2,453.4,4,À Risque ⚠️
5749,18159.0,301,1,530.15,0,Perdus 💤
5750,18160.0,57,3,1003.88,4,À Risque ⚠️
5751,18161.0,15,6,1803.1000000000001,4,À Risque ⚠️
5752,18162.0,732,1,371.51,0,Perdus 💤
5753,18163.0,584,1,728.84,0,Perdus 💤
5754,18164.0,37,1,399.65000000000003,4,À Risque ⚠️
5755,18165.0,177,1,302.46000000000004,4,À Risque ⚠️
5756,18166.0,624,1,175.5,0,Perdus 💤
5757,18167.0,23,3,1384.8600000000001,4,À Risque ⚠️
5758,18168.0,176,16,3435.5,4,À Risque ⚠️
5759,18169.0,61,1,202.65,4,À Risque ⚠️
5760,18170.0,33,9,2878.0,4,À Risque ⚠️
5761,18171.0,59,9,2437.31,4,À Risque ⚠️
5762,18172.0,15,52,17467.24,1,Prometteurs 🌱
5763,18173.0,87,5,2696.36,4,À Risque ⚠️
5764,18174.0,7,2,162.5,4,À Risque ⚠️
5765,18175.0,676,1,176.1,0,Perdus 💤
5766,18176.0,358,1,476.35,0,Perdus 💤
5767,18177.0,31,9,2216.32,4,À Risque ⚠️
5768,18178.0,129,11,6103.74,4,À Risque ⚠️
5769,18179.0,9,8,2547.55,4,À Risque ⚠️
5770,18180.0,5,6,1843.75,4,À Risque ⚠️
5771,18181.0,24,5,1188.34,4,À Risque ⚠️
5772,18182.0,463,1,291.13,0,Perdus 💤
5773,18183.0,227,2,632.07,4,À Risque ⚠️
5774,18184.0,15,1,49.8,4,À Risque ⚠️
5775,18185.0,249,1,304.25,4,À Risque ⚠️
5776,18186.0,723,1,329.58,0,Perdus 💤
5777,18187.0,632,1,724.89,0,Perdus 💤
5778,18188.0,15,6,3280.59,4,À Risque ⚠️
5779,18189.0,78,3,1403.73,4,À Risque ⚠️
5780,18190.0,192,5,745.62,4,À Risque ⚠️
5781,18191.0,262,2,529.4,4,À Risque ⚠️
5782,18192.0,72,1,957.97,4,À Risque ⚠️
5783,18193.0,165,3,1207.35,4,À Risque ⚠️
5784,18194.0,82,6,4162.04,4,À Risque ⚠️
5785,18195.0,387,1,101.16,0,Perdus 💤
5786,18196.0,95,4,1457.19,4,À Risque ⚠️
5787,18197.0,576,1,230.1,0,Perdus 💤
5788,18198.0,4,17,5425.56,4,À Risque ⚠️
5789,18199.0,684,1,344.75,0,Perdus 💤
5790,18200.0,106,1,150.35,4,À Risque ⚠️
5791,18201.0,723,1,447.53000000000003,0,Perdus 💤
5792,18202.0,200,3,1396.99,4,À Risque ⚠️
5793,18203.0,157,4,492.52,4,À Risque ⚠️
5794,18204.0,71,3,1975.35,4,À Risque ⚠️
5795,18205.0,36,2,517.36,4,À Risque ⚠️
5796,18206.0,553,1,314.65999999999997,0,Perdus 💤
5797,18207.0,499,1,544.47,0,Perdus 💤
5798,18208.0,566,1,360.08,0,Perdus 💤
5799,18209.0,29,1,139.10000000000002,4,À Risque ⚠️
5800,18210.0,2,7,2768.83,4,À Risque ⚠️
5801,18211.0,26,5,600.07,4,À Risque ⚠️
5802,18212.0,326,2,514.37,0,Perdus 💤
5803,18213.0,237,1,232.48000000000002,4,À Risque ⚠️
5804,18214.0,531,4,1780.34,0,Perdus 💤
5805,18215.0,89,5,2232.4900000000002,4,À Risque ⚠️
5806,18216.0,31,1,481.75,4,À Risque ⚠️
5807,18217.0,29,4,945.04,4,À Risque ⚠️
5808,18218.0,211,4,1121.84,4,À Risque ⚠️
5809,18219.0,3,17,3352.7000000000003,4,À Risque ⚠️
5810,18220.0,227,6,1921.76,4,À Risque ⚠️
5811,18221.0,22,6,1424.94,4,À Risque ⚠️
5812,18222.0,93,1,443.0,4,À Risque ⚠️
5813,18223.0,5,26,14000.85,1,Prometteurs 🌱
5814,18224.0,264,1,158.95000000000002,4,À Risque ⚠️
5815,18225.0,3,26,13014.8,1,Prometteurs 🌱
5816,18226.0,44,26,11878.88,1,Prometteurs 🌱
5817,18227.0,218,2,388.75,4,À Risque ⚠️
5818,18228.0,57,2,779.9,4,À Risque ⚠️
5819,18229.0,12,28,10150.51,1,Prometteurs 🌱
5820,18230.0,9,9,4291.06,4,À Risque ⚠️
5821,18231.0,192,28,6854.17,1,Prometteurs 🌱
5822,18232.0,82,4,592.97,4,À Risque ⚠️
5823,18233.0,326,1,440.0,0,Perdus 💤
5824,18234.0,552,1,179.6,0,Perdus 💤
5825,18235.0,72,3,1796.48,4,À Risque ⚠️
5826,18236.0,30,12,1795.3500000000001,4,À Risque ⚠️
5827,18237.0,3,5,987.1,4,À Risque ⚠️
5828,18238.0,515,1,270.92,0,Perdus 💤
5829,18239.0,219,6,1712.26,4,À Risque ⚠️
5830,18240.0,46,1,422.58,4,À Risque ⚠️
5831,18241.0,10,21,2986.9900000000002,1,Prometteurs 🌱
5832,18242.0,72,8,3605.21,4,À Risque ⚠️
5833,18243.0,414,1,515.78,0,Perdus 💤
5834,18244.0,431,2,568.64,0,Perdus 💤
5835,18245.0,7,20,6324.9800000000005,1,Prometteurs 🌱
5836,18246.0,24,3,758.8199999999999,4,À Risque ⚠️
5837,18247.0,415,3,839.73,0,Perdus 💤
5838,18248.0,123,2,804.02,4,À Risque ⚠️
5839,18249.0,17,1,95.34,4,À Risque ⚠️
5840,18250.0,310,1,349.27,0,Perdus 💤
5841,18251.0,87,9,26278.86,4,À Risque ⚠️
5842,18252.0,51,7,1533.69,4,À Risque ⚠️
5843,18253.0,643,1,317.88,0,Perdus 💤
5844,18254.0,581,1,267.9,0,Perdus 💤
5845,18255.0,89,2,303.15,4,À Risque ⚠️
5846,18256.0,388,1,110.7,0,Perdus 💤
5847,18257.0,39,12,4600.15,4,À Risque ⚠️
5848,18258.0,464,6,2059.67,0,Perdus 💤
5849,18259.0,25,7,3941.9,4,À Risque ⚠️
5850,18260.0,173,23,9947.26,1,Prometteurs 🌱
5851,18261.0,43,2,324.24,4,À Risque ⚠️
5852,18262.0,140,3,577.54,4,À Risque ⚠️
5853,18263.0,26,3,1213.1599999999999,4,À Risque ⚠️
5854,18264.0,499,1,603.25,0,Perdus 💤
5855,18265.0,72,2,801.51,4,À Risque ⚠️
5856,18266.0,434,1,251.1,0,Perdus 💤
5857,18267.0,673,1,269.37,0,Perdus 💤
5858,18268.0,134,6,1490.23,4,À Risque ⚠️
5859,18269.0,366,1,168.6,0,Perdus 💤
5860,18270.0,38,3,444.55,4,À Risque ⚠️
5861,18271.0,610,2,680.85,0,Perdus 💤
5862,18272.0,3,9,4385.9800000000005,4,À Risque ⚠️
5863,18273.0,2,4,357.0,4,À Risque ⚠️
5864,18274.0,30,1,175.92,4,À Risque ⚠️
5865,18275.0,578,2,741.85,0,Perdus 💤
5866,18276.0,44,6,1656.52,4,À Risque ⚠️
5867,18277.0,58,5,1180.05,4,À Risque ⚠️
5868,18278.0,74,2,414.20000000000005,4,À Risque ⚠️
5869,18279.0,519,1,231.33999999999997,0,Perdus 💤
5870,18280.0,278,2,488.15000000000003,0,Perdus 💤
5871,18281.0,181,2,201.14,4,À Risque ⚠️
5872,18282.0,8,2,178.05,4,À Risque ⚠️
5873,18283.0,4,22,2664.9,1,Prometteurs 🌱
5874,18284.0,432,1,461.68,0,Perdus 💤
5875,18285.0,661,1,427.0,0,Perdus 💤
5876,18286.0,477,2,1296.43,0,Perdus 💤
5877,18287.0,43,7,4182.99,4,À Risque ⚠️
